"Date"	"Array"	"Primer"	"Position"	"Gene"	"Good"	"Plate"	"Primername"	"X180"	"X220"	"X225"	"X316"	"X541"	"X1167"	"X1338"	"X1347"	"X1367"	"X1461"	"X1835"	"X3392"	"X3450"	"X3588"	"X4337"	"X4647"	"X4750"	"X4983"	"X5030"	"X5098"	"X5130"	"X5267"	"X5386"	"X5557"	"X5720"	"X6039"	"X6268"	"X6725"	"X6814"	"X7109"	"X8037"	"X8064"	"X8133"	"X8348"	"X8670"	"X9161"	"X9401"	"X9748"	"X9926"	"X9953"	"filename"
19262	"2011KSHV2PParray-PP2only"	"actin"	4	"actin"	"bad"	"PP2"	"actin_4PP2"	22.52	24.84	30.4	28.11	24.97	24.64	23.61	22.76	24.49	22.89	26.61	22.8	25.13	29.35	23.1	23.82	24.58	28.36	23.1	19.79	20.31	24.53	25.54	26.26	26.95	26.16	26.2	25.14	22.41	23.42	22.96	20.11	27.41	19.54	25.03	22.04	24.4	28	24.59	23.76	"010513_testset_XYplotDD.xlsx"
30911	"2011KSHV2PParray-badPP2"	"actin"	8	"actin"	"good"	"PP2"	"actin_8PP2"	30.64	35.85	39.97	32.67	32.1	32	30.34	28.23	29.56	29.55	34.13	29.84	37.01	36.53	27.89	31.92	31.63	36.13	30.85	26.48	29.69	31.31	32.96	35.12	30.58	31.74	30.8	31.31	29.71	32.44	32.9	32.71	35.99	60	30.96	31.56	31.47	34.61	32	31.31	"010513_testset_XYplotDD.xlsx"
19262	"2011KSHV2PParray-PP2only"	"gapdh"	1	"gapdh"	"good"	"PP2"	"gapdh_1PP2"	18.6	21.59	25.74	21.43	21.9	22.35	21.39	21.58	20.91	20.96	20.75	19.77	22.21	24.51	19.36	19.71	20.82	25.23	21.42	17.96	17.34	21.27	22.47	22.83	24.2	22.75	23.66	21.95	20.21	23	41.44	22	25.74	19.87	22.73	18.67	19.26	25.86	23.21	22.63	"010513_testset_XYplotDD.xlsx"
30911	"2011KSHV2PParray-badPP2"	"gapdh"	2	"gapdh"	"bad"	"PP2"	"gapdh_2PP2"	18.76	20.53	26.58	21.33	20.58	19.39	18.74	19.58	19.59	19.28	20.73	19.26	23.14	23.46	17.98	19.48	20.96	23.22	19.45	16.73	18.34	20.09	22.46	23.46	19.89	19.68	19.64	18.68	18.34	19.95	20.33	18.6	23.94	60	19.84	18.67	19.26	22.74	20.51	19.78	"010513_testset_XYplotDD.xlsx"
19262	"2011KSHV2PParray-PP2only"	"hprt"	5	"hprt"	"bad"	"PP2"	"hprt_5PP2"	24.46	28.91	29.58	27.58	27.94	29.57	28.23	27.8	27.94	27.34	26.73	26.45	28.48	32	26.74	26.44	27.47	27.57	26.34	24.24	23.78	26.48	26.77	28.41	29.91	29.97	29.95	29.23	27.23	28.34	28.3	25.64	31.58	26.48	28.96	25.7	27.24	31.13	29.99	29.76	"010513_testset_XYplotDD.xlsx"
30911	"2011KSHV2PParray-badPP2"	"hprt"	6	"hprt"	"good"	"PP2"	"hprt_6PP2"	29.6	33.53	35.47	32.76	31.87	31.23	30.42	30.24	29.89	30.79	32.49	28.56	33.19	34.56	27.66	28.9	30.82	35.33	30.34	27.74	27.33	32.09	30.53	34.33	31.28	31.26	30.93	30.63	29.33	30.49	30.4	28.74	35.33	60	30.96	28.46	29.35	33.56	31.94	31.85	"010513_testset_XYplotDD.xlsx"
30911	"2011KSHV2PParray-badPP2"	"ks1_133"	133	"K1"	"good"	"PP1"	"K1_133PP1"	60	60	60	60	53.52	60	60	60	60	60	53.25	60	60	60	51.59	60	54.68	60	60	60	60	60	60	60	60	53.89	52.76	60	50.89	60	60	60	60	60	60	60	60	60	60	60	"010513_testset_XYplotDD.xlsx"
30911	"2011KSHV2PParray-badPP2"	"ks1_278"	278	"K1"	"bad"	"PP1"	"K1_278PP1"	60	60	60	60	60	60	60	60	60	60	60	60	60	60	60	60	60	60	60	60	60	60	60	60	60	60	60	60	60	60	60	60	60	60	60	60	60	60	60	60	"010513_testset_XYplotDD.xlsx"
30911	"2011KSHV2PParray-badPP2"	"ks1_348"	348	"K1"	"good"	"PP1"	"K1_348PP1"	60	60	60	60	60	60	60	60	60	33.4	60	60	60	60	42.82	60	55.59	60	60	60	60	60	60	60	60	53.12	51.53	60	47.34	60	60	60	60	60	60	60	60	60	60	60	"010513_testset_XYplotDD.xlsx"
30911	"2011KSHV2PParray-badPP2"	"ks1_622"	622	"K1"	"good"	"PP1"	"K1_622PP1"	60	60	60	60	60	60	60	60	60	60	43.58	60	60	60	36.97	60	60	60	60	60	60	60	60	60	60	38.29	41.69	60	37.59	60	60	60	60	60	60	60	60	60	60	60	"010513_testset_XYplotDD.xlsx"
30911	"2011KSHV2PParray-badPP2"	"ks10_18289"	18289	"Orf2"	"bad"	"PP1"	"Orf2_18289PP1"	60	60	60	60	60	60	60	60	60	60	60	60	60	60	60	60	60	60	60	60	60	60	60	60	60	60	60	60	60	60	60	60	60	60	60	60	60	60	60	60	"010513_testset_XYplotDD.xlsx"
30911	"2011KSHV2PParray-badPP2"	"ks11_18883"	18883	"K3"	"good"	"PP1"	"K3_18883PP1"	60	60	60	60	60	46.36	60	60	43.27	44.88	60	44.6	60	60	45.8	60	60	60	60	60	47.24	60	60	60	60	60	60	48.63	48.29	60	53.54	50.57	60	46.91	45.97	60	60	60	45.73	56.22	"010513_testset_XYplotDD.xlsx"
30911	"2011KSHV2PParray-badPP2"	"ks11_19081"	19081	"K3"	"good"	"PP1"	"K3_19081PP1"	43.95	33.99	60	40.5	48.52	37.69	60	60	35.97	44.94	60	38.67	60	60	41.41	60	60	60	40.6	60	40.96	60	60	60	60	44.28	60	60	38.39	60	49.65	42.71	47.87	43.78	43.92	49.73	60	60	60	60	"010513_testset_XYplotDD.xlsx"
30911	"2011KSHV2PParray-badPP2"	"ks11_19577"	19577	"K3"	"good"	"PP1"	"K3_19577PP1"	60	60	60	48.36	60	43.74	60	60	40.61	44.56	60	41.73	54.82	60	47.35	60	60	60	43.93	60	47.78	60	46.36	60	60	60	60	50.91	43.62	60	54.38	47.58	60	47.62	51.36	60	60	60	60	60	"010513_testset_XYplotDD.xlsx"
30911	"2011KSHV2PParray-badPP2"	"ks12_20501"	20501	"Orf70"	"bad"	"PP1"	"Orf70_20501PP1"	60	60	60	60	60	60	60	60	60	60	60	60	60	60	60	60	60	60	60	60	60	60	60	60	60	60	60	60	60	60	60	60	60	60	60	60	60	60	60	60	"010513_testset_XYplotDD.xlsx"
30911	"2011KSHV2PParray-badPP2"	"ks12_20979"	20979	"Orf70"	"bad"	"PP1"	"Orf70_20979PP1"	60	60	60	46.65	60	43.86	60	60	46.17	43.39	60	43.15	60	60	45.17	60	60	60	60	60	51.64	60	60	60	60	60	60	60	47.91	60	55.58	51.68	45.08	43.79	46.51	60	60	60	60	60	"010513_testset_XYplotDD.xlsx"
30911	"2011KSHV2PParray-badPP2"	"ks13_21778"	21778	"K4"	"bad"	"PP1"	"K4_21778PP1"	53.27	60	60	47.97	60	55.31	60	60	44.57	45.32	53.17	46.67	60	60	48.8	60	60	60	60	60	48.81	60	60	60	60	52.59	60	60	51	60	60	54.17	49.47	47.8	60	53.4	60	60	60	60	"010513_testset_XYplotDD.xlsx"
30911	"2011KSHV2PParray-badPP2"	"ks13_21778"	21778.5	"K4"	"bad"	"PP1"	"K4_21778.5PP1"	60	60	60	46.23	50.62	52.56	60	60	40.9	42.91	50.59	42.31	60	60	60	60	60	60	60	60	49.28	60	60	60	60	53.41	60	49.9	45.54	60	60	51.36	60	42.55	43.67	60	60	60	60	60	"010513_testset_XYplotDD.xlsx"
30911	"2011KSHV2PParray-badPP2"	"ks13_21780"	21780	"K4"	"good"	"PP1"	"K4_21780PP1"	60	60	60	42.93	60	39.47	60	60	38.36	40.78	60	38.68	60	60	44.26	60	60	60	60	60	42.52	60	48.5	60	60	45.84	60	60	41.77	60	60	45.89	60	42.63	46.37	47.69	60	60	60	55.84	"010513_testset_XYplotDD.xlsx"
30911	"2011KSHV2PParray-badPP2"	"ks14_26145"	26145	"K5"	"good"	"PP1"	"K5_26145PP1"	55.33	60	60	51.36	60	50.3	49.44	60	50.49	50.25	55.37	46.68	60	60	49.42	60	57.48	60	53.78	60	50.77	54.5	60	60	60	54.46	50.22	54.8	51.25	60	60	50.68	57.69	48.74	60	56.82	60	60	60	60	"010513_testset_XYplotDD.xlsx"
30911	"2011KSHV2PParray-badPP2"	"ks14_26200"	26200	"K5"	"good"	"PP1"	"K5_26200PP1"	47.42	30.49	60	40.37	34.78	40.93	39.8	46.41	41.54	42.25	41.44	39.2	60	60	41.91	60	46.17	60	43.24	60	41.38	60	60	60	60	44.16	33.54	44.68	38.72	50.77	35.49	42.34	43.64	38.16	42.2	46.55	60	60	34.22	60	"010513_testset_XYplotDD.xlsx"
30911	"2011KSHV2PParray-badPP2"	"ks16_28624"	28624	"K7"	"good"	"PP1"	"K7_28624PP1"	60	60	60	31.28	60	35.2	32.19	60	35.89	34.99	60	30.48	60	60	33.87	60	38.17	60	35.26	60	31.99	60	60	60	60	36.66	60	60	30.32	38.26	36.3	33.68	60	33.21	39.49	36.52	60	39.9	60	60	"010513_testset_XYplotDD.xlsx"
30911	"2011KSHV2PParray-badPP2"	"ks16_28694"	28694	"K7"	"good"	"PP1"	"K7_28694PP1"	30.88	60	36.68	27.78	32.76	26.77	30.85	37.83	28.58	27.83	31.75	27.69	33.8	60	27.6	60	36.34	60	30.48	60	29.16	33.18	34.18	60	60	32.33	30.85	30.6	26.95	32.98	30.56	31.58	31.91	30.56	28.15	31.42	35.27	60	34.4	60	"010513_testset_XYplotDD.xlsx"
30911	"2011KSHV2PParray-badPP2"	"ks17_30265"	30265	"Orf16"	"good"	"PP1"	"Orf16_30265PP1"	60	60	60	60	60	60	35.93	60	33.85	60	60	35.98	60	60	60	60	60	60	33.46	60	32.58	60	60	60	60	60	60	60	32.25	60	37.63	34.9	60	32.24	60	60	60	60	60	60	"010513_testset_XYplotDD.xlsx"
30911	"2011KSHV2PParray-badPP2"	"ks17_30403"	30403	"Orf16"	"good"	"PP1"	"Orf16_30403PP1"	60	60	60	35.55	60	34.41	37.51	45.41	35.96	60	38.32	37.33	60	60	33.73	60	60	60	49.49	60	33.98	60	60	60	60	38.96	60	60	32.2	60	60	40.33	60	34.59	36.29	60	60	60	60	60	"010513_testset_XYplotDD.xlsx"
30911	"2011KSHV2PParray-badPP2"	"ks18_31221"	31221	"Orf17"	"bad"	"PP1"	"Orf17_31221PP1"	60	60	60	47.43	60	49.85	60	60	43.91	60	60	50.77	60	60	48.43	60	60	60	53.44	60	60	55.52	60	60	60	55.29	60	60	46.74	60	56.57	55.78	55.34	53.93	50.55	56.41	60	60	60	60	"010513_testset_XYplotDD.xlsx"
30911	"2011KSHV2PParray-badPP2"	"ks18_31509"	31509	"Orf17"	"good"	"PP1"	"Orf17_31509PP1"	60	60	60	45.69	52.73	45.61	46.26	60	47.67	45.26	52.97	46.69	60	60	50.92	60	60	60	50.94	60	46.84	60	60	60	60	60	47.47	51.41	45.79	56.57	55.55	50.4	50.8	43.51	46.4	49.37	60	60	60	60	"010513_testset_XYplotDD.xlsx"
30911	"2011KSHV2PParray-badPP2"	"ks18_31829"	31829	"Orf17"	"good"	"PP1"	"Orf17_31829PP1"	60	60	60	60	45.98	40.16	36.35	60	40.61	45.47	60	60	60	60	41.61	60	60	60	60	60	36.81	60	60	60	60	39.72	60	60	37.32	60	60	60	60	36.53	60	60	60	60	42.33	60	"010513_testset_XYplotDD.xlsx"
30911	"2011KSHV2PParray-badPP2"	"ks19_32510"	32510	"Orf17"	"good"	"PP1"	"Orf17_32510PP1"	33.67	60	60	60	60	43.21	34.98	60	38	60	37.48	33.24	60	60	37.36	60	60	60	60	60	36.17	60	60	60	54.84	34.88	50.43	39.9	34.9	60	60	39.8	60	33.63	36.66	60	60	60	60	60	"010513_testset_XYplotDD.xlsx"
30911	"2011KSHV2PParray-badPP2"	"ks19_32935"	32935	"Orf18"	"good"	"PP1"	"Orf18_32935PP1"	60	60	60	60	60	60	60	60	60	34.55	38.94	35.93	39.17	60	60	60	36.46	60	37.44	60	34.31	60	60	60	60	37.86	60	60	33.8	60	40.89	39.58	60	32.42	41.79	36.76	60	60	60	60	"010513_testset_XYplotDD.xlsx"
30911	"2011KSHV2PParray-badPP2"	"ks2_2109"	2109	"Orf4"	"good"	"PP1"	"Orf4_2109PP1"	60	60	60	36.81	60	60	38.36	39.11	39.34	37.64	44.27	39.2	60	60	37.19	60	41.9	60	36.78	60	34.96	60	60	60	60	39.53	39.4	42.83	37.52	60	39.21	36.47	60	33.41	38.36	60	60	39.39	60	60	"010513_testset_XYplotDD.xlsx"
30911	"2011KSHV2PParray-badPP2"	"ks2_2360"	2360	"Orf4"	"good"	"PP1"	"Orf4_2360PP1"	60	60	36.18	38.09	60	52.29	35.76	34.39	36.57	60	60	35.25	60	60	33.75	60	36.33	60	33.59	60	32.72	40.44	60	60	60	38.85	60	34.58	34.71	60	60	33.81	60	30.95	60	36.92	60	34.86	35.63	60	"010513_testset_XYplotDD.xlsx"
30911	"2011KSHV2PParray-badPP2"	"ks2_2545"	2545	"Orf4"	"good"	"PP1"	"Orf4_2545PP1"	51.68	60	60	46.61	47.31	60	44.72	47.91	50.35	46.26	47.48	45.53	55.64	60	44.87	60	49.64	60	43.28	60	44.5	60	60	60	60	46.58	44.23	47.6	45.77	60	60	45.3	60	38.69	46.91	50.75	60	60	60	60	"010513_testset_XYplotDD.xlsx"
30911	"2011KSHV2PParray-badPP2"	"ks20_33405"	33405	"Orf18"	"good"	"PP1"	"Orf18_33405PP1"	60	35.81	60	60	60	60	60	60	60	57.62	60	54.27	60	60	60	60	60	60	60	60	60	60	60	60	60	60	55.44	60	57.47	60	60	60	60	54.94	60	60	60	60	60	60	"010513_testset_XYplotDD.xlsx"
30911	"2011KSHV2PParray-badPP2"	"ks20_34089"	34089	"Orf20"	"good"	"PP1"	"Orf20_34089PP1"	60	37.23	60	34.73	60	60	37.23	60	36.34	39.4	34.86	32.74	60	60	33.27	60	60	60	60	60	33.69	60	60	60	60	60	60	35.95	31.63	60	40.37	37.31	38.92	33.58	34.94	34.8	60	60	60	60	"010513_testset_XYplotDD.xlsx"
30911	"2011KSHV2PParray-badPP2"	"ks20_34228"	34228	"Orf20"	"good"	"PP1"	"Orf20_34228PP1"	60	60	60	47.29	60	44.97	50.88	60	54.38	50.56	60	46.55	60	60	48.93	60	60	60	47.52	60	44.9	60	60	60	60	51.82	60	51.55	45.35	60	51.95	49.83	60	42.6	60	60	60	60	60	60	"010513_testset_XYplotDD.xlsx"
30911	"2011KSHV2PParray-badPP2"	"ks21_34848"	34848	"Orf20"	"good"	"PP1"	"Orf20_34848PP1"	60	60	60	43.47	60	60	45.46	60	42.26	39.66	40.51	39.57	60	60	60	60	60	60	44.21	60	39.45	60	60	60	60	46.47	60	40.34	43.63	45.81	43.77	43.49	60	39.91	60	42.78	60	60	60	60	"010513_testset_XYplotDD.xlsx"
30911	"2011KSHV2PParray-badPP2"	"ks21_35199"	35199	"Orf20"	"good"	"PP1"	"Orf20_35199PP1"	60	60	60	60	60	60	60	60	60	60	60	45.41	60	60	47.71	60	60	60	60	60	47.19	60	60	60	60	55.07	60	60	46.33	60	60	47.42	60	43.97	60	60	60	60	60	60	"010513_testset_XYplotDD.xlsx"
30911	"2011KSHV2PParray-badPP2"	"ks21_35440"	35440	"Orf20"	"good"	"PP1"	"Orf20_35440PP1"	60	60	60	60	60	60	60	60	42.29	60	60	39.11	60	60	60	60	60	60	60	60	37.59	60	60	60	60	39.31	60	60	37.78	60	43.22	44.56	60	37.92	40.86	60	60	60	60	60	"010513_testset_XYplotDD.xlsx"
30911	"2011KSHV2PParray-badPP2"	"ks22_36102"	36102.5	"Orf21"	"bad"	"PP1"	"Orf21_36102.5PP1"	34.31	38.92	51.37	41.53	43.53	48.64	33.62	37.83	45.08	42.48	43.47	36.18	40.65	42.55	42.5	34.88	43.24	35.65	33.49	44.63	39.54	40.34	41.53	56.61	34.58	51.68	36.88	39.83	37.74	51.41	39.9	52.67	51.5	40.46	39.95	35.78	39.77	36.11	35.64	39.71	"010513_testset_XYplotDD.xlsx"
30911	"2011KSHV2PParray-badPP2"	"ks22_36500"	36500	"Orf21"	"good"	"PP1"	"Orf21_36500PP1"	45.73	60	60	60	60	41.84	60	60	47.33	44.38	60	47.63	60	60	47.29	60	60	60	60	50.15	44.84	60	60	60	60	60	52.73	60	43.25	60	60	60	60	43.98	36.65	60	60	60	60	60	"010513_testset_XYplotDD.xlsx"
30911	"2011KSHV2PParray-badPP2"	"ks22_36907"	36907	"Orf21"	"bad"	"PP1"	"Orf21_36907PP1"	60	60	60	60	34.34	60	54.64	60	56.32	60	60	54.66	60	60	57.71	60	60	60	57.82	60	55.42	60	60	60	60	60	53.99	60	54.65	60	60	56.79	60	53.73	57.56	60	60	60	60	60	"010513_testset_XYplotDD.xlsx"
30911	"2011KSHV2PParray-badPP2"	"ks23_38336"	38336	"Orf22"	"bad"	"PP1"	"Orf22_38336PP1"	60	60	60	47.78	31.19	60	60	35.98	37.35	34.25	60	44.63	60	45.59	54.86	54.18	60	41.51	52.15	60	60	60	60	60	60	60	60	55.22	45.43	54.72	60	47.61	60	47.36	41.52	60	60	60	60	60	"010513_testset_XYplotDD.xlsx"
30911	"2011KSHV2PParray-badPP2"	"ks23_38441"	38441	"Orf22"	"good"	"PP1"	"Orf22_38441PP1"	60	60	60	39.28	60	44.85	51.21	60	45.75	60	60	37.91	60	60	60	60	60	60	40.2	60	45.53	60	60	60	60	60	60	60	41.19	60	60	60	60	45.85	38.24	60	60	60	60	60	"010513_testset_XYplotDD.xlsx"
30911	"2011KSHV2PParray-badPP2"	"ks23_38857"	38857	"Orf22"	"good"	"PP1"	"Orf22_38857PP1"	60	60	60	60	60	60	60	60	38.92	60	40.48	36.46	60	60	60	60	60	60	39.41	60	36.45	60	60	60	60	43.33	60	60	37.88	60	60	37.74	60	37.59	42.21	39.12	60	60	60	60	"010513_testset_XYplotDD.xlsx"
30911	"2011KSHV2PParray-badPP2"	"ks24_39603"	39603	"Orf23"	"good"	"PP1"	"Orf23_39603PP1"	60	60	60	60	60	60	35.9	60	40.3	36.96	36.76	35.53	60	60	60	60	60	60	36.21	60	37.2	60	60	60	60	40.4	60	60	35.9	60	60	41.21	60	34.26	37.56	60	60	60	60	60	"010513_testset_XYplotDD.xlsx"
30911	"2011KSHV2PParray-badPP2"	"ks24_39786"	39786	"Orf23"	"good"	"PP1"	"Orf23_39786PP1"	60	60	60	40.36	60	36.56	60	60	60	60	60	37.3	60	60	36.91	60	60	60	41.52	60	37.64	60	60	60	60	38.33	60	40.27	35.42	60	40.62	41.59	60	37.27	60	60	60	60	60	60	"010513_testset_XYplotDD.xlsx"
30911	"2011KSHV2PParray-badPP2"	"ks25_41283"	41283	"Orf24"	"good"	"PP1"	"Orf24_41283PP1"	60	60	60	49.41	60	47.86	46.62	60	54.2	60	60	47.6	60	60	51.76	60	60	60	50.43	60	50.36	60	60	60	60	60	60	49.32	46.63	60	52.22	51.7	60	44.83	46.43	60	60	60	60	60	"010513_testset_XYplotDD.xlsx"
30911	"2011KSHV2PParray-badPP2"	"ks25_41318"	41318	"Orf24"	"bad"	"PP1"	"Orf24_41318PP1"	60	60	60	60	60	60	60	60	60	60	60	60	60	60	60	60	60	60	60	60	60	60	60	60	60	60	60	60	60	60	60	60	60	60	60	60	60	60	60	60	"010513_testset_XYplotDD.xlsx"
30911	"2011KSHV2PParray-badPP2"	"ks25_41630"	41630	"Orf24"	"good"	"PP1"	"Orf24_41630PP1"	60	46.21	60	60	60	60	50.99	60	45.29	60	60	50.71	60	60	47.56	60	60	60	54.49	60	45.37	60	60	60	60	60	60	60	43.89	60	60	48.57	57.62	42.35	46.35	60	60	60	60	60	"010513_testset_XYplotDD.xlsx"
30911	"2011KSHV2PParray-badPP2"	"ks26_45767"	45767	"Orf25"	"good"	"PP1"	"Orf25_45767PP1"	60	44.14	60	60	60	60	48.23	60	41.27	60	45.83	41.86	60	60	60	60	60	60	60	60	40.99	60	60	60	60	60	60	60	44.33	60	60	43.55	60	39.53	42.84	60	60	60	60	60	"010513_testset_XYplotDD.xlsx"
30911	"2011KSHV2PParray-badPP2"	"ks26_46047"	46047	"Orf25"	"good"	"PP1"	"Orf25_46047PP1"	60	60	60	40.08	60	37.26	60	60	36.74	37.76	60	37.89	60	60	42.54	60	60	60	44.81	60	47.22	60	60	60	60	60	60	40.35	36.68	60	46.48	40.54	60	36.3	35.53	60	60	60	60	60	"010513_testset_XYplotDD.xlsx"
30911	"2011KSHV2PParray-badPP2"	"ks26_46332"	46332	"Orf25"	"good"	"PP1"	"Orf25_46332PP1"	60	60	60	60	60	60	46.94	60	60	46.71	47.75	46.95	60	60	48.74	60	60	60	52.36	60	60	60	60	60	60	48.93	60	48.55	44.91	60	53.58	49.32	53.18	52.48	42.99	60	60	60	60	60	"010513_testset_XYplotDD.xlsx"
30911	"2011KSHV2PParray-badPP2"	"ks27_47239"	47239	"Orf26"	"bad"	"PP1"	"Orf26_47239PP1"	60	60	60	60	34.17	60	60	60	60	56.71	60	60	60	60	60	60	60	60	60	60	60	60	60	60	60	60	60	60	60	60	60	60	60	51.84	60	60	60	60	60	60	"010513_testset_XYplotDD.xlsx"
30911	"2011KSHV2PParray-badPP2"	"ks27_47305"	47305	"Orf26"	"good"	"PP1"	"Orf26_47305PP1"	60	60	60	44.54	60	43.21	43.72	60	47.3	44.6	44.27	41.77	60	60	45.89	60	60	60	43.22	60	42.48	45.75	60	60	60	46.82	60	60	43.38	48.92	46.72	60	60	40.73	44.54	46.7	60	60	60	60	"010513_testset_XYplotDD.xlsx"
30911	"2011KSHV2PParray-badPP2"	"ks28_48071"	48071	"Orf27"	"good"	"PP1"	"Orf27_48071PP1"	60	60	60	54.23	60	56.13	60	60	52.34	45.88	48.26	48.28	60	60	51.76	60	60	60	50.65	60	53.8	60	60	60	60	60	60	60	49.69	54.75	57.1	53.65	60	49.46	51.62	60	60	60	60	60	"010513_testset_XYplotDD.xlsx"
30911	"2011KSHV2PParray-badPP2"	"ks28_48265"	48265	"Orf27"	"good"	"PP1"	"Orf27_48265PP1"	60	52.39	60	33.69	60	41.22	41.76	60	44.59	38.84	60	38.74	50.2	60	40.96	60	60	60	40.56	60	39.67	43.7	60	60	60	40.76	45.26	42.86	39.94	60	60	42.68	42.91	39.13	43.59	39.87	60	60	60	60	"010513_testset_XYplotDD.xlsx"
30911	"2011KSHV2PParray-badPP2"	"ks3_5672"	5672	"Orf6"	"good"	"PP1"	"Orf6_5672PP1"	60	60	60	33.87	60	35.21	37.83	60	39.71	35.65	37.66	35.26	60	60	36.29	60	60	60	35.73	60	34.94	60	41.49	60	60	36.91	37.38	39.36	35.85	39.42	60	36.26	40.1	31.72	35.75	60	60	43.98	60	60	"010513_testset_XYplotDD.xlsx"
30911	"2011KSHV2PParray-badPP2"	"ks3_5859"	5859	"Orf6"	"good"	"PP1"	"Orf6_5859PP1"	44.5	60	60	32.24	60	31.72	50.85	34.34	34.21	32.76	34.36	31.69	60	60	31.4	60	39.77	45.8	32.84	60	30.97	35.98	60	60	60	31.59	50.22	34.88	31.25	35.57	35.9	32.62	35.41	28.75	32.96	33.28	60	56.44	40.78	60	"010513_testset_XYplotDD.xlsx"
30911	"2011KSHV2PParray-badPP2"	"ks3_5921"	5921	"Orf6"	"good"	"PP1"	"Orf6_5921PP1"	60	60	60	38.9	39.26	34.38	38.85	60	35.38	34.4	36.09	32.93	60	60	34.86	60	40.25	60	33.58	60	32.64	60	60	60	60	34.38	37.61	38.72	32.38	41.58	38.85	33.93	38.11	30.46	35.8	35.95	60	60	38.75	60	"010513_testset_XYplotDD.xlsx"
30911	"2011KSHV2PParray-badPP2"	"ks30_49612"	49612	"Orf29"	"good"	"PP1"	"Orf29_49612PP1"	60	60	60	39.9	60	37.88	38.56	60	39.23	60	60	36.63	60	60	39.92	60	60	60	39.25	60	37.3	41.71	60	60	60	60	43.67	60	39.41	60	60	41.67	60	36.56	36.68	60	60	60	60	60	"010513_testset_XYplotDD.xlsx"
30911	"2011KSHV2PParray-badPP2"	"ks30_49613"	49613	"Orf29"	"good"	"PP1"	"Orf29_49613PP1"	60	60	60	60	60	37.66	39.67	39.75	39.79	60	60	38.84	60	60	60	60	60	60	60	60	42.43	60	60	60	60	60	37.68	39.56	38.38	60	44.22	40.64	60	38.25	38.86	60	60	60	60	60	"010513_testset_XYplotDD.xlsx"
30911	"2011KSHV2PParray-badPP2"	"ks30_50104"	50104	"Orf29"	"bad"	"PP1"	"Orf29_50104PP1"	60	60	60	60	60	60	60	60	60	60	60	60	60	60	60	60	60	60	60	60	60	60	60	60	60	60	60	60	60	60	60	60	60	60	60	60	60	60	60	60	"010513_testset_XYplotDD.xlsx"
30911	"2011KSHV2PParray-badPP2"	"ks32_50891"	50891	"Orf30"	"good"	"PP1"	"Orf30_50891PP1"	60	60	60	60	60	44.35	60	60	46.35	43.49	60	45.51	60	60	47.74	60	60	60	45.55	60	46.82	51.4	60	60	60	53.31	60	60	47.1	60	54.68	53.38	60	45.83	44.78	60	60	60	60	60	"010513_testset_XYplotDD.xlsx"
30911	"2011KSHV2PParray-badPP2"	"ks32_50984"	50984	"Orf30"	"good"	"PP1"	"Orf30_50984PP1"	60	60	60	60	60	47.14	39.76	60	44.7	42.61	42.08	39.33	48.43	60	42.56	60	60	60	45.91	60	42.6	60	60	60	60	45.56	60	60	42.53	54.73	60	43.41	60	41.3	40.23	46.36	60	60	60	60	"010513_testset_XYplotDD.xlsx"
30911	"2011KSHV2PParray-badPP2"	"ks32_51123"	51123	"Orf30"	"good"	"PP1"	"Orf30_51123PP1"	60	36.22	60	45.96	60	38.93	45.62	60	44.13	42.53	47.43	48.63	60	60	44.99	60	60	60	47.45	60	44.59	60	60	60	60	60	60	60	49.17	60	60	47.36	60	41.29	44.45	60	60	60	60	60	"010513_testset_XYplotDD.xlsx"
30911	"2011KSHV2PParray-badPP2"	"ks33_51996"	51996	"Orf32"	"good"	"PP1"	"Orf32_51996PP1"	60	60	60	60	60	47.45	43.36	60	47.27	60	48.55	41.81	60	60	60	60	47.28	60	60	60	44.84	60	60	60	60	52.86	60	60	43.32	60	60	60	60	46.3	43.98	60	60	60	60	60	"010513_testset_XYplotDD.xlsx"
30911	"2011KSHV2PParray-badPP2"	"ks33_52011"	52011	"Orf32"	"bad"	"PP1"	"Orf32_52011PP1"	60	60	60	60	60	60	60	60	60	60	60	60	60	60	60	60	60	60	60	60	60	60	60	60	60	60	60	60	60	60	60	60	60	60	60	60	60	60	60	60	"010513_testset_XYplotDD.xlsx"
30911	"2011KSHV2PParray-badPP2"	"ks33_52203"	52203	"Orf32"	"good"	"PP1"	"Orf32_52203PP1"	60	60	60	50.99	48.92	48.59	46.66	45.67	60	48.63	51.62	60	60	60	60	60	60	60	47.43	60	60	60	60	60	60	52.65	48.59	51.83	50.38	60	60	56.66	47.34	45	46.91	60	60	60	60	60	"010513_testset_XYplotDD.xlsx"
30911	"2011KSHV2PParray-badPP2"	"ks34_52828"	52828	"Orf32"	"good"	"PP1"	"Orf32_52828PP1"	51.38	60	60	51.78	60	45.52	48.97	60	48.77	45.65	60	44.79	60	60	48.52	60	60	60	48.19	60	45.49	60	60	60	60	60	47.46	49.44	49.18	60	60	51.27	60	46.89	47.6	60	60	60	60	60	"010513_testset_XYplotDD.xlsx"
30911	"2011KSHV2PParray-badPP2"	"ks34_53424"	53424	"Orf32"	"good"	"PP1"	"Orf32_53424PP1"	60	60	60	48.59	45.54	60	46.32	60	49.65	60	60	44.64	60	60	47.19	60	60	60	47.93	60	44.84	48.15	60	60	60	60	44.92	60	46.22	51.45	52.33	60	45.95	43.82	42.19	60	60	60	60	60	"010513_testset_XYplotDD.xlsx"
30911	"2011KSHV2PParray-badPP2"	"ks35_54355"	54355	"Orf29"	"bad"	"PP1"	"Orf29_54355PP1"	55.8	60	60	43.89	53.68	60	46.58	60	60	56.15	45.61	42.36	60	60	40.26	43.97	60	60	60	45.73	48.83	60	60	60	60	60	44.64	60	44.25	60	49.65	60	47.52	47.74	55.8	50.49	60	60	60	45.79	"010513_testset_XYplotDD.xlsx"
30911	"2011KSHV2PParray-badPP2"	"ks36_55359"	55359	"Orf34"	"good"	"PP1"	"Orf34_55359PP1"	60	60	60	60	60	60	51.67	60	45.7	60	60	51.53	60	60	50.55	60	60	60	50	60	46.31	60	60	60	60	60	60	60	48.23	60	47.77	49.77	60	46	60	60	60	60	60	60	"010513_testset_XYplotDD.xlsx"
30911	"2011KSHV2PParray-badPP2"	"ks37_55680"	55680	"Orf34"	"good"	"PP1"	"Orf34_55680PP1"	38.9	60	60	60	40.92	35.89	38.11	42.74	38.33	36.5	39.24	34.99	60	60	38.26	60	60	60	38.81	60	36.42	60	60	60	60	38.61	60	38.15	36.55	60	41.7	42.29	42.69	36.95	36.37	60	60	60	60	60	"010513_testset_XYplotDD.xlsx"
30911	"2011KSHV2PParray-badPP2"	"ks37_55861"	55861	"Orf34"	"bad"	"PP1"	"Orf34_55861PP1"	60	60	60	60	60	60	60	60	60	60	60	60	60	60	60	60	60	60	60	60	60	60	60	60	60	60	60	60	60	60	60	60	60	60	60	60	60	60	60	60	"010513_testset_XYplotDD.xlsx"
30911	"2011KSHV2PParray-badPP2"	"ks38_56414"	56414	"Orf36"	"bad"	"PP1"	"Orf36_56414PP1"	60	60	60	60	60	60	60	60	60	60	60	60	60	60	60	60	60	60	60	60	60	60	60	60	60	60	60	60	60	60	60	60	60	60	60	60	60	60	60	60	"010513_testset_XYplotDD.xlsx"
30911	"2011KSHV2PParray-badPP2"	"ks38_56488"	56488	"Orf36"	"bad"	"PP1"	"Orf36_56488PP1"	60	60	60	60	60	60	60	60	60	60	60	60	60	60	60	60	60	60	60	60	60	60	60	60	60	60	60	60	60	60	60	60	60	55.42	60	60	60	60	60	60	"010513_testset_XYplotDD.xlsx"
30911	"2011KSHV2PParray-badPP2"	"ks38_56709"	56709	"Orf36"	"good"	"PP1"	"Orf36_56709PP1"	53.5	60	60	57.47	60	46.87	52.2	60	50.88	46.21	57.76	55.1	60	60	60	60	60	60	60	60	49.69	60	60	60	60	60	60	60	55.82	60	60	60	60	45.85	60	60	60	60	54.48	60	"010513_testset_XYplotDD.xlsx"
30911	"2011KSHV2PParray-badPP2"	"ks39_57765"	57765	"Orf37"	"good"	"PP1"	"Orf37_57765PP1"	42.52	60	60	40.4	40.86	33.86	38.54	37.84	36.9	37.49	60	36.67	60	60	38.65	60	60	60	38.95	60	36.75	60	42.24	60	60	38.49	40.93	40.69	36.76	60	40.79	41.38	41.79	37.94	36.65	60	60	60	60	60	"010513_testset_XYplotDD.xlsx"
30911	"2011KSHV2PParray-badPP2"	"ks39_58237"	58237	"Orf37"	"good"	"PP1"	"Orf37_58237PP1"	36.38	60	60	40.42	60	33.56	40.46	38.49	34.49	36.73	60	37.32	42.98	60	38.96	60	42.48	60	41.95	60	36.4	40.4	39.34	60	60	38.58	60	45.42	36.97	40.62	41.74	40.43	60	36.79	35.52	60	60	60	37.92	60	"010513_testset_XYplotDD.xlsx"
30911	"2011KSHV2PParray-badPP2"	"ks4_8189"	8189	"Orf7"	"good"	"PP1"	"Orf7_8189PP1"	60	60	38.63	60	60	60	33.77	34.52	33.84	32.42	33.76	31.39	60	60	31.19	60	60	60	29.69	60	30.97	60	60	60	60	31.62	60	32.87	31.72	35.64	60	31.71	60	27.81	36.31	60	60	38.48	60	56.21	"010513_testset_XYplotDD.xlsx"
30911	"2011KSHV2PParray-badPP2"	"ks4_8314"	8314	"Orf7"	"good"	"PP1"	"Orf7_8314PP1"	38.66	60	60	34.2	37.47	38.76	36.81	60	60	60	36.7	34.64	60	60	35.86	60	37.22	60	32.6	60	34.26	60	60	60	60	34.77	40.64	34.77	33.65	48.78	37.95	34.46	60	29.85	36.42	60	60	60	60	60	"010513_testset_XYplotDD.xlsx"
30911	"2011KSHV2PParray-badPP2"	"ks4_8384"	8384	"Orf7"	"good"	"PP1"	"Orf7_8384PP1"	52.4	60	60	50.78	60	51.76	51.59	60	56.67	54.93	53.57	52.43	60	60	52.78	60	57.33	60	50.59	60	52.48	60	60	60	60	57.71	51.99	60	53.44	60	60	54.65	60	45.67	50.79	60	60	60	60	60	"010513_testset_XYplotDD.xlsx"
30911	"2011KSHV2PParray-badPP2"	"ks41_59355"	59355	"Orf39"	"good"	"PP1"	"Orf39_59355PP1"	60	60	60	55.24	60	52.75	55.56	60	57.3	53.63	60	52.23	60	60	60	60	60	60	60	60	57.46	60	60	60	60	60	56.2	60	60	60	60	60	53.6	49.56	53.37	60	60	60	60	60	"010513_testset_XYplotDD.xlsx"
30911	"2011KSHV2PParray-badPP2"	"ks41_60036"	60036	"Orf39"	"good"	"PP1"	"Orf39_60036PP1"	60	60	60	47.44	60	47.52	46.98	60	50.2	60	60	44.28	60	60	51.94	60	60	60	51.84	60	46.77	48.38	60	60	60	60	60	51.24	49.11	60	60	54.38	60	44.9	52.18	60	60	60	60	60	"010513_testset_XYplotDD.xlsx"
30911	"2011KSHV2PParray-badPP2"	"ks42_60631"	60631	"Orf40"	"good"	"PP1"	"Orf40_60631PP1"	39.52	60	60	40.16	60	60	38.28	39.85	42.3	43.3	60	56.19	60	60	40.38	60	60	60	39.58	60	39.42	60	60	60	60	60	39.49	60	40.8	60	60	42.49	39.55	35.5	36.85	60	60	60	60	60	"010513_testset_XYplotDD.xlsx"
30911	"2011KSHV2PParray-badPP2"	"ks42_61209"	61209	"Orf40"	"good"	"PP1"	"Orf40_61209PP1"	60	60	60	60	60	60	43.59	60	45.99	60	44.61	45.85	60	60	46.57	60	60	60	41.89	60	43.96	60	60	60	60	60	42.46	60	44.9	60	60	51.16	60	41.87	60	60	60	60	60	60	"010513_testset_XYplotDD.xlsx"
30911	"2011KSHV2PParray-badPP2"	"ks42_61476"	61476	"Orf40"	"good"	"PP1"	"Orf40_61476PP1"	60	60	60	39.53	60	60	39.43	60	60	60	40.33	39.62	60	60	38.63	51.39	60	60	40.85	60	42.74	60	60	60	60	60	38.58	60	38.87	60	60	41.44	60	35.66	60	60	60	60	60	60	"010513_testset_XYplotDD.xlsx"
30911	"2011KSHV2PParray-badPP2"	"ks43_62028"	62028	"Orf40"	"good"	"PP1"	"Orf40_62028PP1"	60	60	60	60	60	60	37.3	60	60	60	60	41.12	60	60	60	60	60	60	39.33	60	42.25	60	60	60	60	60	60	40.86	38.5	60	60	41.91	60	37.44	45.35	60	60	60	41.21	60	"010513_testset_XYplotDD.xlsx"
19262	"2011KSHV2PParray-PP2only"	"ks43_62161"	62161	"Orf40"	"bad"	"PP2"	"Orf40_62161PP2"	44.29	44.92	34.7	35.62	40.64	60	33.98	53.65	36.31	36.37	60	32.96	60	43.51	33.41	60	34.48	33.45	32.19	32.85	29.66	32.77	46.82	35.61	38.48	57.9	49.79	38.78	37.94	37.17	33.94	33.3	60	31.53	34.3	47.49	50.76	48.87	60	56.3	"010513_testset_XYplotDD.xlsx"
30911	"2011KSHV2PParray-badPP2"	"ks43_62161"	62161.5	"Orf40"	"bad"	"PP2"	"Orf40_62161.5PP2"	60	60	60	60	60	60	60	60	60	60	60	60	60	60	60	60	60	60	60	60	60	60	60	60	60	60	60	60	60	60	60	60	60	60	60	60	60	60	60	60	"010513_testset_XYplotDD.xlsx"
30911	"2011KSHV2PParray-badPP2"	"ks44_62756"	62756	"Orf42"	"bad"	"PP2"	"Orf42_62756PP2"	60	60	60	45.25	60	45.39	41.88	60	48.53	41.97	60	43.62	60	60	44.71	60	60	60	51.79	60	42.75	60	60	60	60	44.82	60	60	43.82	60	47.67	43.39	60	44.36	44.82	60	60	60	60	60	"010513_testset_XYplotDD.xlsx"
19262	"2011KSHV2PParray-PP2only"	"ks44_62756"	62756.5	"Orf42"	"good"	"PP2"	"Orf42_62756.5PP2"	60	60	60	33.44	35.36	35.17	31.9	35.14	33.41	60	53.87	31.8	60	47.46	31.61	60	60	33.32	31.25	32.58	28.83	33.36	60	60	60	35	60	60	31.16	60	56.76	31.59	60	31.47	34.4	60	60	60	60	60	"010513_testset_XYplotDD.xlsx"
30911	"2011KSHV2PParray-badPP2"	"ks44_62906"	62906	"Orf42"	"bad"	"PP2"	"Orf42_62906PP2"	60	60	60	60	60	60	60	60	60	60	60	60	60	60	60	60	60	60	60	60	60	60	60	60	60	60	60	60	60	60	60	60	60	60	60	60	60	60	60	60	"010513_testset_XYplotDD.xlsx"
19262	"2011KSHV2PParray-PP2only"	"ks44_62906"	62906.5	"Orf42"	"good"	"PP2"	"Orf42_62906.5PP2"	60	60	60	60	36.35	35.56	32.34	60	60	60	33.43	32.84	60	60	32.38	60	60	34.76	33.54	35.45	29.29	35.2	33.99	51.97	60	35.6	60	36.64	32.46	60	35.74	32.21	60	33.04	34.44	56.98	51.51	60	53.87	60	"010513_testset_XYplotDD.xlsx"
19262	"2011KSHV2PParray-PP2only"	"ks44_63104"	63104	"Orf43"	"good"	"PP2"	"Orf43_63104PP2"	31.47	60	31.4	30.79	60	33.2	31.98	34.23	33.14	34.69	30.78	30.97	60	34.58	31.99	43.33	31.3	28.6	28.75	28.67	28.51	29.26	30.97	32.44	60	35.65	60	35.94	31.81	35.46	33.09	31.6	60	32.21	34.92	60	60	60	60	60	"010513_testset_XYplotDD.xlsx"
30911	"2011KSHV2PParray-badPP2"	"ks44_63104"	63104.5	"Orf42"	"bad"	"PP2"	"Orf42_63104.5PP2"	60	60	60	60	60	53.81	48.61	60	50.14	49.77	60	48.44	60	60	53.52	60	60	60	49.12	60	44.58	60	60	60	60	60	49.7	60	44.44	60	54.45	46.81	60	46.39	49.33	60	60	60	60	60	"010513_testset_XYplotDD.xlsx"
19262	"2011KSHV2PParray-PP2only"	"ks45_63567"	63567	"Orf43"	"good"	"PP2"	"Orf43_63567PP2"	31.52	60	60	33.4	60	34.45	31.5	33.42	60	32.61	60	31.84	60	60	32.27	60	60	60	32.42	45.54	28.34	60	60	60	60	33.38	60	60	31.57	60	34.38	30.95	60	31.46	34.63	60	60	60	60	60	"010513_testset_XYplotDD.xlsx"
30911	"2011KSHV2PParray-badPP2"	"ks45_63567"	63567.5	"Orf43"	"good"	"PP2"	"Orf43_63567.5PP2"	60	60	60	36.94	60	37.34	34.39	60	36.7	35.4	57.78	38.17	60	60	39.4	60	60	60	38.45	60	33.82	60	60	60	60	40.68	60	40.91	34.65	60	38.42	37.27	60	34.92	36.49	60	60	60	60	60	"010513_testset_XYplotDD.xlsx"
19262	"2011KSHV2PParray-PP2only"	"ks45_63853"	63853	"Orf43"	"good"	"PP2"	"Orf43_63853PP2"	32.88	37.59	60	32.48	60	57.75	33.15	47.83	55.94	34.48	32.71	30.92	47.53	60	32.71	43.47	55.89	32.6	32.54	32.37	28.5	33.17	47.83	34.73	35.92	34.13	49.96	35.58	31.87	60	35.3	32.84	60	32.15	34.54	56.9	43.33	54.91	60	44.34	"010513_testset_XYplotDD.xlsx"
30911	"2011KSHV2PParray-badPP2"	"ks45_63853"	63853.5	"Orf43"	"bad"	"PP2"	"Orf43_63853.5PP2"	60	60	60	60	60	60	60	60	60	60	60	60	60	60	60	60	60	60	60	60	60	60	60	60	60	60	60	60	60	60	60	60	60	60	60	60	60	60	60	60	"010513_testset_XYplotDD.xlsx"
30911	"2011KSHV2PParray-badPP2"	"ks45_64036"	64036	"Orf43"	"bad"	"PP2"	"Orf43_64036PP2"	60	60	60	57.9	60	50.67	53.47	57.69	50.2	47.64	60	54.47	60	60	60	60	60	60	53.44	60	47.39	60	60	60	60	60	60	60	52.23	51.65	60	60	60	43.89	48.79	56.21	60	60	60	60	"010513_testset_XYplotDD.xlsx"
19262	"2011KSHV2PParray-PP2only"	"ks45_64036"	64036.5	"Orf43"	"bad"	"PP2"	"Orf43_64036.5PP2"	60	42.76	60	51.91	60	60	32.64	50.62	34.73	33.52	60	33.45	57.44	60	31.99	60	60	35.35	34.13	35.49	28.58	52.9	60	60	50.6	36.2	33.72	36.62	37.27	53.25	35.2	31.6	34.09	30.69	35.38	60	60	54.56	60	60	"010513_testset_XYplotDD.xlsx"
19262	"2011KSHV2PParray-PP2only"	"ks46_66282"	66282	"Orf44"	"good"	"PP2"	"Orf44_66282PP2"	42.6	47.6	34.54	33.79	34.97	34.97	30.98	43.93	33.75	35.48	32.78	31.39	49.89	54.31	34.25	47.87	46.71	35.93	32.46	34.73	28.71	33.15	45.27	48.39	45.41	60	48.43	60	30.83	42.46	34.91	30.58	47.6	30.47	34.37	34.97	47.38	60	50.63	51.83	"010513_testset_XYplotDD.xlsx"
30911	"2011KSHV2PParray-badPP2"	"ks46_66282"	66282.5	"Orf44"	"good"	"PP2"	"Orf44_66282.5PP2"	60	60	60	43.51	60	60	37.27	60	60	40.34	60	40.53	60	60	38.26	60	60	60	42.33	60	37.45	60	60	60	60	41.39	60	60	37.98	60	42.31	41.52	60	36.92	39.96	60	60	60	60	60	"010513_testset_XYplotDD.xlsx"
19262	"2011KSHV2PParray-PP2only"	"ks46_66755"	66755	"Orf44"	"good"	"PP2"	"Orf44_66755PP2"	38.78	60	34.66	34.38	36.6	36.12	32.86	60	34.4	34.86	32.93	32.55	60	60	34.56	60	42.55	32.93	32.54	33.73	30.58	33.11	34.31	39.72	60	60	60	60	31.88	36.19	34.45	33.08	60	31.11	36.38	57.47	60	60	60	60	"010513_testset_XYplotDD.xlsx"
30911	"2011KSHV2PParray-badPP2"	"ks46_66755"	66755.5	"Orf44"	"good"	"PP2"	"Orf44_66755.5PP2"	60	60	60	33.4	34.48	33.96	30.59	34.56	36.02	34.85	60	34.97	60	60	33.25	60	60	60	32.93	60	31.2	60	60	60	60	33.1	33.7	60	30.91	60	34.36	32.3	35.86	30.37	32.35	60	60	60	60	60	"010513_testset_XYplotDD.xlsx"
19262	"2011KSHV2PParray-PP2only"	"ks46_67024"	67024	"Orf44"	"good"	"PP2"	"Orf44_67024PP2"	32.84	38.04	46.52	31.55	37.82	34.46	32.05	37.9	32.33	37.71	34.93	31.64	41.57	40.86	31.69	37.45	38.85	32.38	32.49	31.27	28.96	32.32	32.5	42.91	40.05	34.42	37.33	40.52	31.34	38.01	33.5	31.8	40.21	31.68	34.9	37.77	37.83	42.35	40.86	39.33	"010513_testset_XYplotDD.xlsx"
30911	"2011KSHV2PParray-badPP2"	"ks46_67024"	67024.5	"Orf44"	"good"	"PP2"	"Orf44_67024.5PP2"	60	60	60	41.36	60	60	33.95	60	39.31	34.66	60	36.19	60	60	35.93	60	60	60	36.23	60	33.66	60	60	60	60	60	60	60	34.37	60	40.32	37.46	60	34.91	34.91	37.98	60	60	38.89	60	"010513_testset_XYplotDD.xlsx"
19262	"2011KSHV2PParray-PP2only"	"ks47_67845"	67845	"Orf45"	"good"	"PP2"	"Orf45_67845PP2"	31.81	49.97	32.79	31.74	51.41	32.06	30.81	34.71	32.69	32.58	33.53	29.65	36.56	56.95	32.16	46.52	33.65	31.56	30.63	31.57	27.47	31.73	31.72	55.67	44.83	31.75	35.43	33.49	29.22	33.83	31.69	31.34	34.85	29.41	33.13	34.88	45.54	52.4	49.44	38.99	"010513_testset_XYplotDD.xlsx"
30911	"2011KSHV2PParray-badPP2"	"ks47_67845"	67845.5	"Orf45"	"good"	"PP2"	"Orf45_67845.5PP2"	42.64	60	60	30.76	60	29.64	29.14	31.9	30.46	30.7	60	29.22	60	60	30.34	54.3	33.27	60	30.25	55.81	28.59	50.3	60	60	60	30.65	60	31.96	27.85	60	30.71	31.18	34.26	27.68	31.43	31.68	60	60	49.97	52.06	"010513_testset_XYplotDD.xlsx"
19262	"2011KSHV2PParray-PP2only"	"ks47_68227"	68227	"Orf45"	"good"	"PP2"	"Orf45_68227PP2"	29.33	34.22	34.58	29.99	32.96	32.63	29.68	31.3	32.19	30.52	30.44	27.86	34.12	35.31	29.78	30.38	31.49	32.51	29.43	28.4	25.88	31.75	30.81	30.99	34.22	31.09	32.5	32.88	28.4	30.99	31.38	29	33.96	28.39	31.16	32.08	33.36	35.2	33.43	31.9	"010513_testset_XYplotDD.xlsx"
30911	"2011KSHV2PParray-badPP2"	"ks47_68227"	68227.5	"Orf45"	"bad"	"PP2"	"Orf45_68227.5PP2"	31.72	33.86	40.23	31.66	31.74	28.63	27.87	29.98	30.38	29.3	30.92	28.46	35.36	42.62	28.68	33.13	33.54	33.46	28.28	30.81	27.91	31.94	31.24	39	33.35	29.35	30.17	29.85	26.96	31.8	31.59	29.43	33.49	27.68	30.47	30.49	30.97	33.83	32.78	30.92	"010513_testset_XYplotDD.xlsx"
19262	"2011KSHV2PParray-PP2only"	"ks47_68463"	68463	"Orf45"	"bad"	"PP2"	"Orf45_68463PP2"	34.87	37.88	44.42	39.26	35.54	34.88	34.83	36.67	33.82	36.91	57.2	42.48	48.36	41.92	34.34	36.7	32.88	28.82	28.95	29.42	28.8	29.2	32.33	31.73	35.39	36.19	33.71	44.76	47.79	33.59	34.65	32.96	40.23	30.57	37.08	35.17	38.44	45.33	45.62	46.48	"010513_testset_XYplotDD.xlsx"
30911	"2011KSHV2PParray-badPP2"	"ks47_68463"	68463.5	"Orf45"	"bad"	"PP2"	"Orf45_68463.5PP2"	60	60	60	60	60	60	60	60	60	60	60	60	60	60	60	60	60	60	60	60	60	60	60	60	60	60	60	60	60	60	60	60	60	60	60	60	60	60	60	60	"010513_testset_XYplotDD.xlsx"
19262	"2011KSHV2PParray-PP2only"	"ks48_69318"	69318	"Orf46"	"good"	"PP2"	"Orf46_69318PP2"	35.39	38.63	54.76	33.47	37.75	33.74	34.48	39.97	43.53	32.6	32.61	36.6	45.36	40.6	31.57	41.28	37.5	31.2	29.97	31.4	27.64	31.33	34.73	50.41	42.15	33.94	34.98	38.27	29.83	35.49	31.89	30.29	33.57	28.68	32.63	34.57	42.71	45.89	46.63	45.76	"010513_testset_XYplotDD.xlsx"
30911	"2011KSHV2PParray-badPP2"	"ks48_69318"	69318.5	"Orf46"	"bad"	"PP2"	"Orf46_69318.5PP2"	60	60	60	60	60	60	60	60	60	60	60	60	60	60	60	60	60	60	60	60	60	60	60	60	60	60	60	60	60	60	60	60	60	60	60	60	60	60	60	60	"010513_testset_XYplotDD.xlsx"
19262	"2011KSHV2PParray-PP2only"	"ks49_69635"	69635	"Orf47"	"good"	"PP2"	"Orf47_69635PP2"	36.43	39.67	46.24	36.47	38.92	33.61	34.81	33.69	40.5	33.44	42.79	33.36	39.34	47.49	33.22	37.83	32.87	32.95	30.96	31.7	27.4	32.7	34.5	43.29	38.88	33.83	39.3	35.61	30.33	37.19	33.15	30.32	38.69	29.46	32.69	37.41	41.45	44.57	41.39	40.39	"010513_testset_XYplotDD.xlsx"
30911	"2011KSHV2PParray-badPP2"	"ks49_69635"	69635.5	"Orf47"	"good"	"PP2"	"Orf47_69635.5PP2"	60	60	60	50.73	60	46.15	60	43.38	43.41	46.28	60	43.56	60	60	45.53	60	60	60	44.77	60	43.5	60	51.23	60	60	43.76	60	60	43.54	60	60	46.5	52.86	43.21	44.7	45.99	60	60	60	60	"010513_testset_XYplotDD.xlsx"
30911	"2011KSHV2PParray-badPP2"	"ks49_69773"	69773	"Orf47"	"bad"	"PP2"	"Orf47_69773PP2"	60	60	60	46.59	60	41.61	60	60	46.4	44.4	44.31	40.16	60	60	40.93	37	60	60	44.84	60	38.77	60	42.95	60	60	44.24	41.92	47.59	40.79	60	47.3	43.72	60	41.46	44.19	60	60	60	60	60	"010513_testset_XYplotDD.xlsx"
19262	"2011KSHV2PParray-PP2only"	"ks49_69773"	69773.5	"Orf47"	"good"	"PP2"	"Orf47_69773.5PP2"	60	60	60	60	60	32.81	60	33.12	33.59	31.85	30.77	29.73	60	60	30.83	60	51.55	31.26	29.87	31.07	27.65	30.98	33.47	60	60	32.46	60	35.31	30.4	60	31.74	30.46	60	29.84	34.16	34.9	43.05	60	60	53.58	"010513_testset_XYplotDD.xlsx"
30911	"2011KSHV2PParray-badPP2"	"ks5_10202"	10202	"Orf8"	"good"	"PP1"	"Orf8_10202PP1"	42.47	60	60	38.35	60	60	38.58	35.68	40.76	38.33	37.45	34.76	60	60	44.49	60	60	60	35.62	60	36.32	41.83	60	60	60	40.31	39.97	35.94	39.16	60	42.38	35.94	60	32.21	60	60	60	60	60	60	"010513_testset_XYplotDD.xlsx"
30911	"2011KSHV2PParray-badPP2"	"ks5_10467"	10467	"Orf8"	"good"	"PP1"	"Orf8_10467PP1"	60	60	60	41.4	60	34.53	60	35.73	37.92	36.96	42.21	36.15	46.91	60	38.3	60	41.63	60	37.89	60	36.83	37.31	60	60	60	40.39	35.35	37.38	35.64	60	60	35.46	48.28	33.27	60	60	60	60	60	60	"010513_testset_XYplotDD.xlsx"
30911	"2011KSHV2PParray-badPP2"	"ks5_10765"	10765	"Orf8"	"good"	"PP1"	"Orf8_10765PP1"	60	60	60	35.36	38.84	39.53	39.21	34.16	35.62	36.69	38.73	34.38	60	60	37.26	60	60	60	38.86	60	36.82	41.83	60	60	60	38.82	53.32	38.34	34.35	39.47	41.92	37.29	60	32.72	37.13	41.4	60	60	60	60	"010513_testset_XYplotDD.xlsx"
19262	"2011KSHV2PParray-PP2only"	"ks50_70402"	70402	"Orf48"	"good"	"PP2"	"Orf48_70402PP2"	32.54	60	45.64	32.89	60	34.14	60	34.29	33.85	31.96	32.93	30.55	60	60	30.95	60	33.6	30.92	30.4	31.45	27.91	31.52	32.47	32.56	60	33.91	60	35.58	30.37	33.84	32.6	30.61	60	29.87	33.69	35.57	60	60	60	60	"010513_testset_XYplotDD.xlsx"
30911	"2011KSHV2PParray-badPP2"	"ks50_70402"	70402.5	"Orf48"	"good"	"PP2"	"Orf48_70402.5PP2"	60	60	60	60	37.72	45.36	60	60	44.57	60	60	40.82	60	60	40.47	60	60	60	44.88	60	43.44	60	60	60	60	44.32	60	49.27	43.41	60	60	44.34	60	42.52	50.44	60	60	60	60	60	"010513_testset_XYplotDD.xlsx"
19262	"2011KSHV2PParray-PP2only"	"ks50_71056"	71056	"Orf48"	"good"	"PP2"	"Orf48_71056PP2"	31.9	45.98	35.82	33.94	35.44	33.97	36.34	33.1	35.99	33.5	32.82	31.22	36.75	40.39	31.36	45.87	52.39	39.99	30.66	39.64	27.91	35.02	32.49	33.88	53.22	33.63	36.01	33.55	29.87	36.55	36.25	30.94	36.5	29.49	32.85	35.25	50.3	43.56	44.28	47.92	"010513_testset_XYplotDD.xlsx"
30911	"2011KSHV2PParray-badPP2"	"ks50_71056"	71056.5	"Orf48"	"bad"	"PP2"	"Orf48_71056.5PP2"	60	60	60	60	60	60	60	60	60	60	60	60	60	60	60	60	60	60	60	60	60	60	60	60	60	60	60	60	60	60	60	60	60	60	60	60	60	60	60	60	"010513_testset_XYplotDD.xlsx"
30911	"2011KSHV2PParray-badPP2"	"ks50_71267"	71267	"Orf48"	"bad"	"PP2"	"Orf48_71267PP2"	60	60	60	60	60	60	60	60	60	60	60	60	60	60	60	60	60	60	60	60	60	60	60	60	60	60	60	60	60	60	60	60	60	60	60	60	60	60	60	60	"010513_testset_XYplotDD.xlsx"
19262	"2011KSHV2PParray-PP2only"	"ks50_71267"	71267.5	"Orf48"	"bad"	"PP2"	"Orf48_71267.5PP2"	60	60	60	51.54	60	35.85	37.63	34.39	35.4	32.82	46.65	33.38	60	60	31.33	60	34.56	45.59	31.07	50.78	28	34.29	60	60	60	39.29	60	36.78	38.91	33.91	33.17	30.95	34.69	29.94	33.36	60	60	60	60	60	"010513_testset_XYplotDD.xlsx"
19262	"2011KSHV2PParray-PP2only"	"ks51_71851"	71851	"Orf49"	"bad"	"PP2"	"Orf49_71851PP2"	30.55	33.11	30.89	30.32	32.38	32.44	32.59	31.66	31.64	31.64	29.94	29.76	33.67	31.69	31	31.43	30.4	29.08	28.69	28.81	27.96	28.88	30.47	30.48	33.15	33.83	32.11	33.92	30.35	30.87	30.42	30.14	32.84	30.25	33.22	33.15	32.59	34.11	33.89	33.75	"010513_testset_XYplotDD.xlsx"
30911	"2011KSHV2PParray-badPP2"	"ks51_71851"	71851.5	"Orf49"	"bad"	"PP2"	"Orf49_71851.5PP2"	60	60	60	60	60	38.56	60	60	43.74	40.49	60	37.45	54.92	54.76	37.6	56.51	60	60	39.53	60	39.32	60	60	60	49.41	40.47	42.55	40	36.86	60	42.71	39.44	60	39.6	41.48	47.37	60	55.96	60	60	"010513_testset_XYplotDD.xlsx"
19262	"2011KSHV2PParray-PP2only"	"ks51_72196"	72196	"Orf49"	"good"	"PP2"	"Orf49_72196PP2"	36.92	38.93	36.51	33.8	39.47	39.69	40	34.66	33.39	31.5	31.93	29.42	39.86	45.28	30.25	36.36	40.49	32.55	30.36	30.55	27.86	32.8	36.63	36.78	41.6	33.1	41.35	33.81	29.51	36.45	32.87	30.97	34.64	29.67	32.87	38.12	38.92	45.09	35.72	40.06	"010513_testset_XYplotDD.xlsx"
30911	"2011KSHV2PParray-badPP2"	"ks51_72196"	72196.5	"Orf49"	"bad"	"PP2"	"Orf49_72196.5PP2"	51.92	60	60	50.45	51.42	53.87	60	50.51	46.51	46.99	51.09	44.16	60	60	46.32	60	53.36	60	47.83	60	43.41	60	55.27	60	60	56.77	46.95	46.88	42.37	60	50.32	48.4	54.18	45.68	48.17	48.23	60	60	60	60	"010513_testset_XYplotDD.xlsx"
19262	"2011KSHV2PParray-PP2only"	"ks51_72352"	72352	"Orf49"	"good"	"PP2"	"Orf49_72352PP2"	47.93	60	35.79	30.6	35.18	54.48	60	33.73	60	31.5	34.57	29.75	56.89	57.44	30.82	60	32.94	34.17	30.62	32.78	28.45	33.2	33.32	33.65	60	31.88	60	36.58	29.96	36.29	31.75	30.15	35.23	29.74	32.56	34.08	60	60	60	60	"010513_testset_XYplotDD.xlsx"
30911	"2011KSHV2PParray-badPP2"	"ks51_72352"	72352.5	"Orf49"	"bad"	"PP2"	"Orf49_72352.5PP2"	60	60	60	60	60	60	60	60	60	60	60	60	60	60	60	60	60	60	60	60	60	60	60	60	60	60	60	60	60	60	60	60	60	60	60	60	60	60	60	60	"010513_testset_XYplotDD.xlsx"
19262	"2011KSHV2PParray-PP2only"	"ks52_73509"	73509	"Orf50"	"good"	"PP2"	"Orf50_73509PP2"	32.71	48.23	60	33.79	60	32.3	35.08	33.11	33.52	31.64	32.38	29.95	60	60	31.43	60	60	39.75	30.92	34.93	27.49	34.41	60	60	60	31.81	60	35.19	28.77	33.88	32.89	29.7	34.16	29.41	33.35	60	60	38.31	60	60	"010513_testset_XYplotDD.xlsx"
30911	"2011KSHV2PParray-badPP2"	"ks52_73509"	73509.5	"Orf50"	"bad"	"PP2"	"Orf50_73509.5PP2"	60	60	60	60	60	60	60	60	56.99	60	60	51.19	60	60	49.57	60	60	60	57.26	60	53.67	60	60	60	60	57.77	60	57.26	51.47	60	60	51.87	60	55.51	60	60	60	60	60	60	"010513_testset_XYplotDD.xlsx"
19262	"2011KSHV2PParray-PP2only"	"ks53_74850"	74850	"Orf50"	"good"	"PP2"	"Orf50_74850PP2"	29.52	35.26	29.96	29.63	36.12	31.98	36.2	43.74	29.7	39.78	29.48	34.43	50.1	32.28	32.68	32.43	28.92	27.1	27.26	27.27	25.45	27.2	29.48	28.54	40.22	34.19	46.97	33.71	35.3	32.14	40.95	32.48	44.13	30.26	39	44.66	46.97	39.12	41.94	36.56	"010513_testset_XYplotDD.xlsx"
30911	"2011KSHV2PParray-badPP2"	"ks53_74850"	74850.5	"Orf50"	"good"	"PP2"	"Orf50_74850.5PP2"	60	60	60	60	60	40.83	52.32	60	40.92	60	60	45.74	60	60	60	51.21	60	60	60	56.47	39.91	60	60	60	60	53.6	60	60	60	46.09	60	51.96	60	39.24	51.92	60	60	60	38.15	52.99	"010513_testset_XYplotDD.xlsx"
19262	"2011KSHV2PParray-PP2only"	"ks53_75066"	75066	"Orf50"	"bad"	"PP2"	"Orf50_75066PP2"	34.62	49.63	48.51	52.97	45.99	34.22	37.41	35.76	34.82	31.52	46.57	35.91	60	45.06	30.87	55.29	34.56	31.44	30.33	32.24	26.91	31.59	47.41	60	42.4	39.87	38.89	41.78	37.99	34.99	31.78	32.64	54.79	29.44	33.52	41.69	44.87	47.83	39.8	54.68	"010513_testset_XYplotDD.xlsx"
30911	"2011KSHV2PParray-badPP2"	"ks53_75066"	75066.5	"Orf50"	"bad"	"PP2"	"Orf50_75066.5PP2"	60	60	60	60	60	60	60	60	60	60	60	60	60	60	60	60	60	60	60	60	60	60	60	60	60	60	60	60	60	60	60	60	60	60	60	60	60	60	60	60	"010513_testset_XYplotDD.xlsx"
19262	"2011KSHV2PParray-PP2only"	"ks53_75170"	75170	"Orf50"	"bad"	"PP2"	"Orf50_75170PP2"	45.59	42.66	54.8	35	48.6	37.18	37.32	33.98	32.74	36.52	34.65	36.45	40.32	55.46	32.79	41.56	31.49	30.22	28.24	30.13	30.79	30.12	33.51	49.64	47.95	33.98	38.44	33.94	32.93	29.55	30.26	29.55	45.35	32.1	37.55	41.75	36.71	51.08	47.34	44.49	"010513_testset_XYplotDD.xlsx"
30911	"2011KSHV2PParray-badPP2"	"ks53_75170"	75170.5	"Orf50"	"bad"	"PP2"	"Orf50_75170.5PP2"	60	60	60	60	60	60	60	60	60	60	60	60	60	60	60	60	60	60	60	60	60	60	60	60	60	60	60	60	60	60	60	60	60	60	60	60	60	60	60	60	"010513_testset_XYplotDD.xlsx"
30911	"2011KSHV2PParray-badPP2"	"ks54_77022"	77022	"Orf52"	"bad"	"PP2"	"Orf52_77022PP2"	60	60	60	60	60	60	60	60	60	60	60	60	60	60	60	60	60	60	60	60	60	60	60	60	60	60	60	60	60	60	60	60	60	60	60	60	60	60	60	60	"010513_testset_XYplotDD.xlsx"
19262	"2011KSHV2PParray-PP2only"	"ks54_77022"	77022.5	"Orf52"	"good"	"PP2"	"Orf52_77022.5PP2"	60	60	60	32.74	41.24	34.61	54.32	33.45	52.49	32.4	32.85	29	60	60	32.68	60	60	33.55	32.45	33.36	27.34	32.48	60	60	60	60	60	60	30.46	60	33.18	32.48	33.85	30.11	32.75	34.98	60	60	60	60	"010513_testset_XYplotDD.xlsx"
19262	"2011KSHV2PParray-PP2only"	"ks54_77128"	77128	"Orf52"	"bad"	"PP2"	"Orf52_77128PP2"	31.86	43.2	32.69	33.51	34.41	31.88	34.73	48.92	33.69	30.87	32.98	28.51	54.2	33.76	30.9	60	31.62	29.34	28.72	29.65	26.67	29.64	30.9	31.5	45.86	36.35	52.99	34.65	30.64	39.96	32.48	31.81	33.24	30.26	32.17	34.77	60	60	60	56.72	"010513_testset_XYplotDD.xlsx"
30911	"2011KSHV2PParray-badPP2"	"ks54_77128"	77128.5	"Orf52"	"bad"	"PP2"	"Orf52_77128.5PP2"	60	60	60	60	60	60	60	60	60	60	60	60	60	60	60	60	60	60	60	60	60	60	60	60	60	60	60	60	60	60	60	60	60	60	60	60	60	60	60	60	"010513_testset_XYplotDD.xlsx"
19262	"2011KSHV2PParray-PP2only"	"ks56_77844"	77844	"Orf54"	"good"	"PP2"	"Orf54_77844PP2"	30.68	35.43	29.94	29.85	34.48	35.8	34.41	34	34.89	44.68	30.31	32.97	39.95	34.94	31.49	39.59	32.43	27.89	27.53	27.68	27.46	27.65	30.58	31.4	35.6	35.12	44.64	43.19	33.42	33.8	33.14	30.71	37.38	30.18	32.71	37.93	42.05	40.45	47.22	45.18	"010513_testset_XYplotDD.xlsx"
30911	"2011KSHV2PParray-badPP2"	"ks56_77844"	77844.5	"Orf54"	"bad"	"PP2"	"Orf54_77844.5PP2"	60	60	60	60	60	60	60	39.47	40.13	60	60	37.85	60	60	41.36	60	60	60	42.64	60	40.29	60	60	60	60	44.91	39.5	60	40.58	60	46.8	46.14	60	40.18	46.62	60	60	60	60	60	"010513_testset_XYplotDD.xlsx"
19262	"2011KSHV2PParray-PP2only"	"ks56_78056"	78056	"Orf54"	"good"	"PP2"	"Orf54_78056PP2"	44.72	43.88	48.53	44.63	49.31	49.27	39.98	33.71	45.34	44.76	42.8	31.75	53.79	60	40.87	43.88	44.83	32.67	30.62	30.83	28.5	31.99	46.99	32.93	41.71	37.23	41.26	37.9	34.29	44.23	35.65	32.08	49.23	32.6	33.07	46.96	51.8	51.53	45.24	46.77	"010513_testset_XYplotDD.xlsx"
30911	"2011KSHV2PParray-badPP2"	"ks56_78056"	78056.5	"Orf54"	"bad"	"PP2"	"Orf54_78056.5PP2"	60	60	60	60	60	60	60	60	60	60	60	60	60	60	60	60	60	60	60	60	60	60	60	60	60	60	60	60	60	60	60	60	60	60	60	60	60	60	60	60	"010513_testset_XYplotDD.xlsx"
19262	"2011KSHV2PParray-PP2only"	"ks57_78956"	78956	"Orf55"	"bad"	"PP2"	"Orf55_78956PP2"	32.54	33.95	60	35.67	52.42	51.45	60	47.83	57.6	52.41	48.59	40.53	60	60	36.32	60	31.61	28.52	28.49	28.73	28.61	29.43	30.87	60	50	45.23	45.76	43.73	46.83	33.87	33.58	32.9	60	30.54	46.08	47.6	55.98	47.72	47.36	60	"010513_testset_XYplotDD.xlsx"
30911	"2011KSHV2PParray-badPP2"	"ks57_78956"	78956.5	"Orf55"	"bad"	"PP2"	"Orf55_78956.5PP2"	60	60	60	60	60	60	60	60	60	60	60	60	60	60	60	60	60	60	60	60	60	60	60	60	60	60	60	60	60	60	60	60	60	60	60	60	60	60	60	60	"010513_testset_XYplotDD.xlsx"
19262	"2011KSHV2PParray-PP2only"	"ks57_79044"	79044	"Orf55"	"bad"	"PP2"	"Orf55_79044PP2"	32.37	60	34.6	48.52	47.5	33.88	56.97	42.62	33.98	42.77	33.16	32.64	60	60	34.99	51.64	31.49	29.67	29.82	29.8	28.68	29.71	43.56	60	60	36.46	60	52.73	43.94	34.03	32.67	33.4	60	30.31	43.38	42.65	50.29	36.28	60	60	"010513_testset_XYplotDD.xlsx"
30911	"2011KSHV2PParray-badPP2"	"ks57_79044"	79044.5	"Orf55"	"bad"	"PP2"	"Orf55_79044.5PP2"	60	60	60	60	60	60	60	60	60	60	60	55.65	60	60	57.49	60	60	53.64	60	60	49.24	60	60	60	60	60	60	60	60	60	60	60	60	49.2	60	47.28	53.63	60	60	60	"010513_testset_XYplotDD.xlsx"
19262	"2011KSHV2PParray-PP2only"	"ks57_79193"	79193	"Orf55"	"good"	"PP2"	"Orf55_79193PP2"	34.94	60	32.77	34.91	43.39	34.4	34.79	33.2	60	33.24	33.56	29.84	54.24	60	33.43	60	60	31.4	30.89	31.62	27.77	31.13	33.96	33.96	60	35.66	60	36.05	32.45	35.79	32.29	33.62	60	31.15	33.38	36.15	60	60	48.35	47.49	"010513_testset_XYplotDD.xlsx"
30911	"2011KSHV2PParray-badPP2"	"ks57_79193"	79193.5	"Orf55"	"bad"	"PP2"	"Orf55_79193.5PP2"	60	60	60	49.65	60	60	46.53	60	47.44	44.76	60	42.59	60	60	43.62	60	60	60	46.46	60	45.98	60	51.17	60	60	48.53	60	51.99	48.51	60	60	49.52	60	44.55	50.28	60	60	60	60	60	"010513_testset_XYplotDD.xlsx"
19262	"2011KSHV2PParray-PP2only"	"ks58_80963"	80963	"Orf56"	"good"	"PP2"	"Orf56_80963PP2"	31.71	52.72	31.86	32.5	33.76	53.15	46.39	37.83	34.25	34.78	33.23	31.41	47.39	37.84	31.87	48.71	31.81	29.76	30.23	29.65	27.68	29.59	31.86	32.62	50.33	35.58	34.47	57.95	32.33	35.56	32.18	32.48	47.95	30.72	32.59	43.79	47.73	48.42	51.21	47.58	"010513_testset_XYplotDD.xlsx"
30911	"2011KSHV2PParray-badPP2"	"ks58_80963"	80963.5	"Orf56"	"bad"	"PP2"	"Orf56_80963.5PP2"	60	60	60	55.77	60	53.43	60	60	60	53.92	60	47.47	60	60	60	60	60	60	49.15	60	47.79	60	60	60	60	60	60	55.64	52.14	60	60	56.78	60	47.41	49.59	53.46	60	60	54.92	60	"010513_testset_XYplotDD.xlsx"
30911	"2011KSHV2PParray-badPP2"	"ks58_81267"	81267	"Orf56"	"bad"	"PP2"	"Orf56_81267PP2"	60	60	60	60	60	60	60	60	60	60	60	60	60	60	60	60	60	60	60	60	60	60	60	60	60	60	60	60	60	60	60	60	60	60	60	60	60	60	60	60	"010513_testset_XYplotDD.xlsx"
19262	"2011KSHV2PParray-PP2only"	"ks58_81267"	81267.5	"Orf56"	"bad"	"PP2"	"Orf56_81267.5PP2"	60	54.98	60	37.44	60	34.41	51.35	34.46	60	32.93	55.62	32.33	60	60	33.56	60	33.38	34.32	33.72	35.58	28.86	44.93	60	60	47.35	36.53	49.85	60	35.85	34.62	52.84	33.73	46.85	31.45	34.74	35.12	60	50.59	60	60	"010513_testset_XYplotDD.xlsx"
19262	"2011KSHV2PParray-PP2only"	"ks58_81650"	81650	"Orf56"	"bad"	"PP2"	"Orf56_81650PP2"	32.88	37.96	37.72	32.53	60	39.35	38.38	36.57	34.8	60	32.55	32.97	60	36.24	30.85	36.64	33.52	29.96	30.8	30.1	28.69	29.95	32.61	33.34	60	36.83	60	60	35.48	34.56	45.66	32.34	60	31.89	33.56	60	60	60	60	60	"010513_testset_XYplotDD.xlsx"
30911	"2011KSHV2PParray-badPP2"	"ks58_81650"	81650.5	"Orf56"	"bad"	"PP2"	"Orf56_81650.5PP2"	60	60	60	60	60	60	60	60	60	60	60	60	60	60	60	60	60	60	60	60	60	60	60	60	60	60	60	60	60	60	60	60	60	60	60	60	60	60	60	60	"010513_testset_XYplotDD.xlsx"
19262	"2011KSHV2PParray-PP2only"	"ks59_83028"	83028	"Orf57"	"bad"	"PP2"	"Orf57_83028PP2"	34.59	35.76	34.54	55.96	34.82	36.82	37.19	35.73	35.71	32.87	47.55	35.73	36.56	60	32.47	60	38.81	34.24	31.82	34.02	29.48	33.7	34.7	36.75	56.66	37.98	35.38	47.41	43.17	35.72	31.82	32.92	34.61	32.45	34.85	36.49	35.43	60	40.69	60	"010513_testset_XYplotDD.xlsx"
30911	"2011KSHV2PParray-badPP2"	"ks59_83028"	83028.5	"Orf56"	"bad"	"PP2"	"Orf56_83028.5PP2"	60	60	60	60	60	60	60	60	60	60	60	60	60	60	60	60	60	60	60	60	60	60	60	60	60	60	60	60	60	60	60	60	60	60	60	60	60	60	60	60	"010513_testset_XYplotDD.xlsx"
19262	"2011KSHV2PParray-PP2only"	"ks59_83032"	83032	"Orf57"	"good"	"PP2"	"Orf57_83032PP2"	32.53	60	33.65	33.67	35.11	32.71	34.84	32.95	33.2	30.59	33.61	28.35	60	60	30.48	60	60	32.64	30.72	32.76	27.57	33.22	60	60	60	35.5	60	36.86	29.32	34.41	30.2	29.98	60	29.43	31.19	60	60	60	60	60	"010513_testset_XYplotDD.xlsx"
30911	"2011KSHV2PParray-badPP2"	"ks59_83032"	83032.5	"Orf56"	"bad"	"PP2"	"Orf56_83032.5PP2"	60	60	60	60	60	60	60	60	60	60	60	60	60	60	60	60	60	60	60	60	60	60	60	60	60	60	60	60	60	60	60	60	60	60	60	60	60	60	60	60	"010513_testset_XYplotDD.xlsx"
19262	"2011KSHV2PParray-PP2only"	"ks59_83216"	83216	"Orf57"	"good"	"PP2"	"Orf57_83216PP2"	30.99	36.4	32.6	31.36	45.58	31.57	33	33.89	33.36	29.91	30.92	27.58	36.15	48.43	28.65	40.48	31.99	29.76	29.28	30.23	25.98	29.83	31.42	33.54	35.56	32.94	34.22	33.39	28.59	33.81	29.86	30.24	35.98	29.04	31.28	33.1	48.93	48.1	36.61	43.84	"010513_testset_XYplotDD.xlsx"
30911	"2011KSHV2PParray-badPP2"	"ks59_83216"	83216.5	"Orf56"	"bad"	"PP2"	"Orf56_83216.5PP2"	60	60	60	60	60	60	60	60	60	60	60	51.94	60	60	55.21	60	60	60	60	60	53.47	60	60	60	60	60	60	60	56.4	60	60	60	60	60	60	60	60	60	60	60	"010513_testset_XYplotDD.xlsx"
30911	"2011KSHV2PParray-badPP2"	"ks6_13610"	13610	"Orf9"	"good"	"PP1"	"Orf9_13610PP1"	60	60	60	39.28	60	36.47	60	38.54	39.15	37.66	37.67	34.97	40.41	60	35.79	60	60	60	33.57	60	33.94	60	60	60	60	36.4	34.52	34.26	33.31	60	60	39.46	60	31.75	42.39	36.53	60	35.83	60	60	"010513_testset_XYplotDD.xlsx"
30911	"2011KSHV2PParray-badPP2"	"ks6_13806"	13806	"Orf9"	"good"	"PP1"	"Orf9_13806PP1"	60	60	60	34.17	60	33.3	40.27	35.11	33.48	33.86	36.37	32.92	60	60	32.63	60	60	60	30.67	60	31.73	60	60	60	60	32.26	34.76	35.27	30.92	37.5	37.3	33.32	37.22	28.79	33.89	39.62	60	60	60	60	"010513_testset_XYplotDD.xlsx"
30911	"2011KSHV2PParray-badPP2"	"ks6_13975"	13975	"Orf9"	"good"	"PP1"	"Orf9_13975PP1"	60	60	60	44.52	60	43.28	51.62	44.22	46.32	42.69	46.81	44.4	60	60	45.33	60	51.3	60	43.62	60	45.66	60	60	60	60	47.75	43.64	46.93	46.23	60	52.47	46.81	51.43	40.27	46.44	60	50.81	47.18	48.87	60	"010513_testset_XYplotDD.xlsx"
19262	"2011KSHV2PParray-PP2only"	"ks60_84086"	84086	"vIRF1"	"good"	"PP2"	"vIRF1_84086PP2"	52.9	60	60	42.76	60	60	35.71	35.85	34.7	35.98	48.74	33.17	60	43.43	35.22	60	60	33.97	33.17	35.53	28.77	33.83	36.38	60	60	37.92	56.17	60	34.65	36.28	35.43	32.57	60	31.28	35.34	60	60	60	60	60	"010513_testset_XYplotDD.xlsx"
30911	"2011KSHV2PParray-badPP2"	"ks60_84086"	84086.5	"vIRF1"	"bad"	"PP2"	"vIRF1_84086.5PP2"	60	60	60	60	60	60	60	60	49.3	52.33	60	49.63	60	60	52.84	60	60	60	56.19	60	50.98	60	60	60	60	60	60	60	49.99	60	55.88	56.74	60	51.16	51.53	60	60	60	60	60	"010513_testset_XYplotDD.xlsx"
19262	"2011KSHV2PParray-PP2only"	"ks60_84202"	84202	"vIRF1"	"good"	"PP2"	"vIRF1_84202PP2"	32.92	38.59	33.49	34.75	38.75	35.34	40.82	33.75	39.17	37.68	34.29	30.96	39.16	45.23	33.47	38.96	34.2	29.61	29.94	29.86	29.36	29.53	32.82	34.95	40.59	34.79	37.32	32.97	33.69	35.19	33.41	32.26	39.02	31.53	34.63	38.94	41.05	43.3	45.94	40.14	"010513_testset_XYplotDD.xlsx"
30911	"2011KSHV2PParray-badPP2"	"ks60_84202"	84202.5	"vIRF1"	"bad"	"PP2"	"vIRF1_84202.5PP2"	60	60	60	60	60	60	60	60	60	60	60	60	60	60	60	60	60	60	60	60	60	60	60	60	60	60	60	60	60	60	60	60	60	60	60	60	60	60	60	60	"010513_testset_XYplotDD.xlsx"
19262	"2011KSHV2PParray-PP2only"	"ks60_84969"	84969	"vIRF1"	"good"	"PP2"	"vIRF1_84969PP2"	35.45	43.22	55.84	50.34	35.48	36.49	38.5	51.34	32.52	43.27	44.81	32.28	44.87	60	32.71	60	55.87	42.58	32.69	34.73	27.98	35.92	60	55.55	48.29	37.54	35.6	50.11	33.87	45.98	44.48	32.98	50.27	31.56	36.43	48.86	49.4	60	51.21	50.62	"010513_testset_XYplotDD.xlsx"
30911	"2011KSHV2PParray-badPP2"	"ks60_84969"	84969.5	"vIRF1"	"bad"	"PP2"	"vIRF1_84969.5PP2"	60	60	60	60	60	60	60	60	60	60	60	60	60	60	60	60	60	60	60	60	60	60	60	60	60	60	60	60	60	60	60	60	60	60	60	60	60	60	60	60	"010513_testset_XYplotDD.xlsx"
19262	"2011KSHV2PParray-PP2only"	"ks61_86418"	86418	"vIRF4"	"bad"	"PP2"	"vIRF4_86418PP2"	33.94	60	60	46.66	54.68	36.85	35.22	32.4	31.59	33.61	60	31.59	37.28	54.88	31.43	51.66	55.61	31.66	31.76	31.79	26.92	32.12	39.61	60	60	40.32	34.65	38.2	39.2	36.26	32.84	32.14	60	29.74	32.8	34.84	60	60	60	60	"010513_testset_XYplotDD.xlsx"
30911	"2011KSHV2PParray-badPP2"	"ks61_86418"	86418.5	"vIRF4"	"bad"	"PP2"	"vIRF4_86418.5PP2"	60	60	60	60	60	60	60	60	60	60	60	60	60	60	60	60	60	60	60	60	60	60	60	60	60	60	60	60	60	60	60	60	60	60	60	60	60	60	60	60	"010513_testset_XYplotDD.xlsx"
30911	"2011KSHV2PParray-badPP2"	"ks61_86524"	86524	"vIRF4"	"bad"	"PP2"	"vIRF4_86524PP2"	60	60	60	60	60	60	60	60	60	60	60	60	60	60	60	60	60	60	60	60	60	60	60	60	60	60	60	60	60	60	60	60	60	60	60	60	60	60	60	60	"010513_testset_XYplotDD.xlsx"
19262	"2011KSHV2PParray-PP2only"	"ks61_86524"	86524.5	"vIRF4"	"good"	"PP2"	"vIRF4_86524.5PP2"	60	60	60	32.76	60	32.79	60	32.8	29.76	32.23	33.66	29.58	60	60	34.24	60	60	34.5	31.8	32.85	26.65	34.51	34.55	60	60	36.61	60	36.2	31.54	60	33.09	31.23	60	30.31	33.28	60	60	60	60	60	"010513_testset_XYplotDD.xlsx"
19262	"2011KSHV2PParray-PP2only"	"ks61_86975"	86975	"vIRF4"	"good"	"PP2"	"vIRF4_86975PP2"	44.53	49.16	60	31.79	49.2	31.93	41.9	43.53	31.21	32.82	44.61	29.55	51.99	60	49.6	42.43	50.78	32.09	31.49	32.4	26.46	32.73	45.84	48.95	47.51	35.06	49.68	60	31.7	35.76	34.02	31.79	50.68	30.37	33.87	34.2	46.97	56.49	54.67	42.04	"010513_testset_XYplotDD.xlsx"
30911	"2011KSHV2PParray-badPP2"	"ks61_86975"	86975.5	"vIRF4"	"good"	"PP2"	"vIRF4_86975.5PP2"	60	60	60	40.92	37.42	41.78	60	37.56	34.09	40.11	40.96	36.19	60	60	35.5	60	60	60	40.25	60	34.78	60	60	60	60	43	37.67	39.87	36.81	56.73	55.77	38.46	60	35.98	36.45	60	60	60	60	60	"010513_testset_XYplotDD.xlsx"
19262	"2011KSHV2PParray-PP2only"	"ks62_92617"	92617	"vIRF2"	"good"	"PP2"	"vIRF2_92617PP2"	35.41	45.54	35.37	34.41	49.44	46.64	34.88	35.36	60	45.45	39.66	31.14	37.62	34.69	32.22	47.83	37.61	31.7	31.47	31.61	27.44	32.19	36.64	33.73	56.12	36.73	39.87	60	32.96	41.71	33.73	31.63	52.34	30	33.71	46.36	48.46	50.39	51.17	40.27	"010513_testset_XYplotDD.xlsx"
30911	"2011KSHV2PParray-badPP2"	"ks62_92617"	92617.5	"vIRF2"	"good"	"PP2"	"vIRF2_92617.5PP2"	60	50.53	35.72	35.23	35.42	60	51	60	38.93	35.42	60	33.18	60	60	37.77	60	60	60	37.44	37.31	32.56	41.88	40.95	60	54.58	34.43	60	60	36.19	60	60	41.69	60	31.63	36.95	60	53.82	60	60	39.76	"010513_testset_XYplotDD.xlsx"
19262	"2011KSHV2PParray-PP2only"	"ks63_94692"	94692	"Orf58"	"good"	"PP2"	"Orf58_94692PP2"	33.63	51.12	46.39	32.99	60	37.59	42.84	37.22	60	35.09	33.95	32.38	60	48.86	33.95	60	47.54	34.23	32.22	34.24	29.62	34.51	35.51	49.47	60	37.21	37.06	36.88	32.85	48.19	34.22	32.76	37	31.39	33.11	36.8	37.87	60	56.24	60	"010513_testset_XYplotDD.xlsx"
30911	"2011KSHV2PParray-badPP2"	"ks63_94692"	94692.5	"Orf58"	"bad"	"PP2"	"Orf58_94692.5PP2"	60	60	60	60	60	60	60	60	60	60	60	60	60	60	60	60	60	60	60	60	60	60	60	60	60	60	60	60	60	60	60	60	60	60	60	60	60	60	60	60	"010513_testset_XYplotDD.xlsx"
19262	"2011KSHV2PParray-PP2only"	"ks63_94950"	94950	"Orf58"	"good"	"PP2"	"Orf58_94950PP2"	32.58	57.51	60	36.12	55.23	31.83	51.76	35.64	31.69	31.85	36.51	29.99	50.3	41.9	32.62	54.42	44.67	38.45	32.71	39.32	26.42	47.14	56.4	49.77	43.66	36.82	44.56	33.7	31.39	34.4	33.71	31.86	35.46	30.18	33.83	34.69	60	53.38	50.02	55.91	"010513_testset_XYplotDD.xlsx"
30911	"2011KSHV2PParray-badPP2"	"ks63_94950"	94950.5	"Orf58"	"bad"	"PP2"	"Orf58_94950.5PP2"	32.94	60	60	33.48	36.82	28.67	35.25	60	30.79	33.3	37.86	31.45	60	60	32.99	60	60	60	34.16	60	28.35	33.85	60	60	60	35.4	38.46	31.9	31.91	40	36.39	33.88	36.35	29.77	33.55	35.91	40.99	60	35.89	60	"010513_testset_XYplotDD.xlsx"
19262	"2011KSHV2PParray-PP2only"	"ks63_95417"	95417	"Orf58"	"bad"	"PP2"	"Orf58_95417PP2"	32.32	60	60	43.7	34.35	32.98	35.93	33.16	34.32	29.88	40.47	30	40.88	60	29.79	60	60	34.98	31.71	42.54	26.7	35.73	39.22	60	60	35.66	60	38.98	37.74	34.65	30.64	29.78	32.54	30.28	30.98	35.5	60	60	38.57	60	"010513_testset_XYplotDD.xlsx"
30911	"2011KSHV2PParray-badPP2"	"ks63_95417"	95417.5	"Orf58"	"bad"	"PP2"	"Orf58_95417.5PP2"	60	60	60	60	60	60	60	60	60	60	60	60	60	60	60	60	60	60	60	60	60	60	60	60	60	60	60	60	60	60	60	60	60	60	60	60	60	60	60	60	"010513_testset_XYplotDD.xlsx"
19262	"2011KSHV2PParray-PP2only"	"ks64_95961"	95961	"Orf58"	"good"	"PP2"	"Orf58_95961PP2"	32.32	60	35.73	33.82	35.68	30.7	34.3	33.84	32.74	29.98	34.58	27.56	33.46	60	30.44	60	60	44.67	30.7	51.39	26.79	35.82	35.47	60	60	37.85	33.27	37.57	29.81	34.26	30.86	29.87	33.88	29.75	30.76	33.7	50.13	51.21	36.76	60	"010513_testset_XYplotDD.xlsx"
30911	"2011KSHV2PParray-badPP2"	"ks64_95961"	95961.5	"Orf58"	"bad"	"PP2"	"Orf58_95961.5PP2"	60	60	56.83	47.82	60	49.75	51.73	51.66	48.54	47.93	49.64	43.19	60	60	45.27	60	60	60	50.78	60	44.72	53.77	60	60	60	48.2	60	51.99	46.45	52.87	50.88	50.51	50.56	46.64	46.68	54.59	60	60	60	60	"010513_testset_XYplotDD.xlsx"
19262	"2011KSHV2PParray-PP2only"	"ks64_96078"	96078	"Orf59"	"bad"	"PP2"	"Orf59_96078PP2"	47.86	56.32	60	53.97	51.92	43.38	49.38	49.66	46.73	46.67	51.85	46.37	53.67	47.89	41.53	51.43	54.49	34.18	45.83	33.69	37.56	38.8	60	53.57	50.05	60	47.04	48.78	46.41	40.68	34.63	43.29	40.91	40.17	49.35	43.51	39.61	60	47.79	53.2	"010513_testset_XYplotDD.xlsx"
30911	"2011KSHV2PParray-badPP2"	"ks64_96078"	96078.5	"Orf58"	"bad"	"PP2"	"Orf58_96078.5PP2"	60	60	60	60	60	60	60	60	60	60	60	60	60	60	60	60	60	60	60	60	60	60	60	60	60	60	60	60	60	60	60	60	60	60	60	60	60	60	60	60	"010513_testset_XYplotDD.xlsx"
19262	"2011KSHV2PParray-PP2only"	"ks64_96407"	96407	"Orf59"	"good"	"PP2"	"Orf59_96407PP2"	34.53	60	60	32.92	35.39	33.65	60	34.62	34.12	30.45	32.73	28.22	60	60	31.45	60	60	52.19	30.98	38.98	29.57	36.25	35.58	60	60	34.97	35.35	37.12	29.18	34.65	30.79	30.4	33.16	31.24	30.93	35.78	60	60	60	60	"010513_testset_XYplotDD.xlsx"
30911	"2011KSHV2PParray-badPP2"	"ks64_96407"	96407.5	"Orf59"	"bad"	"PP2"	"Orf59_96407.5PP2"	57.58	60	60	46.18	51.59	49.71	60	48.87	47.79	44.97	51.62	40.47	51.9	60	42.73	60	60	60	49.73	60	44.46	60	60	60	60	47.34	45.51	51.49	42.64	60	51.74	46.5	52.6	50.19	45.21	49.85	60	60	60	60	"010513_testset_XYplotDD.xlsx"
19262	"2011KSHV2PParray-PP2only"	"ks65_97138"	97138	"Orf60"	"good"	"PP2"	"Orf60_97138PP2"	32.87	44.75	32.72	34.44	38.92	35.69	40.28	36.98	37.64	38.52	39.46	33.4	41.9	52.86	39.43	47.51	60	30.37	30.65	30.47	31.39	30.21	38.89	34.62	42.91	45.4	39.99	47.4	37.98	34.33	34.84	36.39	60	34.52	36.87	38.94	54.66	52.73	54.93	54.59	"010513_testset_XYplotDD.xlsx"
30911	"2011KSHV2PParray-badPP2"	"ks65_97138"	97138.5	"Orf60"	"bad"	"PP2"	"Orf60_97138.5PP2"	60	60	60	60	60	60	60	60	60	60	60	60	60	60	60	60	60	60	60	60	60	60	60	60	60	60	60	60	60	60	60	60	60	60	60	60	60	60	60	60	"010513_testset_XYplotDD.xlsx"
19262	"2011KSHV2PParray-PP2only"	"ks65_97630"	97630	"Orf60"	"good"	"PP2"	"Orf60_97630PP2"	34.53	60	60	35.41	60	31.82	34.18	35.73	31.72	31.52	38.79	28.97	60	60	31.84	60	60	60	30.91	48.25	26.76	35.13	33.24	60	49.07	36.37	33.13	35.91	32.09	33.46	33.35	30.86	33.39	29.26	32.46	34.95	60	60	36.48	60	"010513_testset_XYplotDD.xlsx"
30911	"2011KSHV2PParray-badPP2"	"ks65_97630"	97630.5	"Orf60"	"bad"	"PP2"	"Orf60_97630.5PP2"	60	60	60	60	60	60	60	60	60	60	60	60	60	60	60	60	60	60	60	60	60	60	60	60	60	60	60	60	60	60	60	60	60	60	60	60	60	60	60	60	"010513_testset_XYplotDD.xlsx"
19262	"2011KSHV2PParray-PP2only"	"ks66_98072"	98072	"Orf61"	"bad"	"PP2"	"Orf61_98072PP2"	51.89	52.69	60	40.65	34.42	32.63	37.37	33.94	60	31.96	40.85	30.54	36.82	60	31.39	60	60	32.56	30.39	32.36	26.75	31.96	39.96	55.47	50.65	37.49	33.57	36.36	37.48	60	34.73	29.93	33.24	28.75	32.04	54.45	60	56.35	37.98	60	"010513_testset_XYplotDD.xlsx"
30911	"2011KSHV2PParray-badPP2"	"ks66_98072"	98072.5	"Orf61"	"bad"	"PP2"	"Orf61_98072.5PP2"	60	60	60	60	60	60	60	60	60	60	60	60	60	60	60	60	60	60	60	60	60	60	60	60	60	60	60	60	60	60	60	60	60	60	60	60	60	60	60	60	"010513_testset_XYplotDD.xlsx"
19262	"2011KSHV2PParray-PP2only"	"ks66_98333"	98333	"Orf61"	"bad"	"PP2"	"Orf61_98333PP2"	37.31	42.26	34.49	42.93	55.15	35.55	38.93	35.67	34.44	35.52	51.83	30.75	60	35.67	33.67	55.6	44.34	35.79	31.35	35.26	28.88	33.11	48.27	36.62	53.88	36.6	35.32	60	35.44	35.84	33.66	31.57	43.72	29.83	33.62	60	60	43.36	43.16	60	"010513_testset_XYplotDD.xlsx"
30911	"2011KSHV2PParray-badPP2"	"ks66_98333"	98333.5	"Orf61"	"bad"	"PP2"	"Orf61_98333.5PP2"	60	60	60	60	60	60	60	60	60	60	60	60	60	60	60	60	60	60	60	60	60	60	60	60	60	60	60	60	60	60	60	60	60	60	60	60	60	60	60	60	"010513_testset_XYplotDD.xlsx"
19262	"2011KSHV2PParray-PP2only"	"ks66_98515"	98515	"Orf61"	"good"	"PP2"	"Orf61_98515PP2"	42.68	56.56	60	32.67	42.53	31.79	34.61	32.55	32.24	32.52	33.47	29.42	60	55.64	32.61	33.63	54.62	41.13	31.19	37.26	26.74	34.81	33.42	56.98	60	38.58	34.69	34.42	31.21	34.73	32.33	30.77	36.3	29.11	31.68	53.16	48.23	35.77	60	37.55	"010513_testset_XYplotDD.xlsx"
30911	"2011KSHV2PParray-badPP2"	"ks66_98515"	98515.5	"Orf61"	"bad"	"PP2"	"Orf61_98515.5PP2"	60	60	60	43.3	60	41.18	60	40.94	39.22	40.39	60	36.78	60	60	38.8	60	60	60	39.81	60	35.48	60	60	60	60	60	60	60	39.41	42.28	41.89	40.29	47	37.44	38.7	60	60	60	60	60	"010513_testset_XYplotDD.xlsx"
19262	"2011KSHV2PParray-PP2only"	"ks67_100787"	100787	"Orf62"	"good"	"PP2"	"Orf62_100787PP2"	33.98	47.46	34	33.39	50.88	36	54.26	35.14	37.6	33.9	32.53	31.46	49.23	41.83	34.5	44.44	33.93	31.64	31.11	32.5	28.66	32.43	33.86	60	42.96	60	48.72	60	33.85	32.91	36.63	31.98	45.45	30.92	34.29	43.78	48.48	36.49	48.51	36.7	"010513_testset_XYplotDD.xlsx"
30911	"2011KSHV2PParray-badPP2"	"ks67_100787"	100787.5	"Orf62"	"bad"	"PP2"	"Orf62_100787.5PP2"	60	43.78	60	42.56	60	42.92	60	45.64	41.74	45.26	48.77	38.96	60	60	43.06	60	49.43	60	42.41	60	39.27	47.29	60	60	60	45.34	42.32	60	41.11	60	44.19	44.25	60	41.21	41.3	42.76	60	60	60	60	"010513_testset_XYplotDD.xlsx"
19262	"2011KSHV2PParray-PP2only"	"ks67_100977"	100977	"Orf62"	"bad"	"PP2"	"Orf62_100977PP2"	40.55	51.3	60	35.73	34.17	42.38	39.85	32.49	32.7	32.15	42.52	29.5	57.57	60	31.34	51.43	60	32.68	31.52	34.97	27.26	32.9	33.68	50.69	48.95	39.64	50.73	60	32.97	33.29	50.26	31.96	60	29.67	32.37	32.12	54.23	41.56	60	60	"010513_testset_XYplotDD.xlsx"
30911	"2011KSHV2PParray-badPP2"	"ks67_100977"	100977.5	"Orf62"	"bad"	"PP2"	"Orf62_100977.5PP2"	60	60	60	46.29	60	56.74	60	49.49	40.19	43.69	47.18	37.95	60	60	41.39	60	60	60	39.88	60	37.24	60	60	60	60	41.99	40.79	40.45	40.18	44.27	44.28	42.18	60	40.3	40.86	60	60	60	60	60	"010513_testset_XYplotDD.xlsx"
19262	"2011KSHV2PParray-PP2only"	"ks67_101132"	101132	"Orf62"	"good"	"PP2"	"Orf62_101132PP2"	34.51	36.78	32.37	32.3	40.98	33.74	34.73	33.84	40.59	35.65	33.7	30.94	60	60	39.52	45.78	32.45	29.93	29.57	29.85	28.51	30.74	31.51	32.55	60	40.27	36.19	36.69	33.45	32.97	34.11	31.17	37.11	30.57	34.96	33.57	60	60	60	60	"010513_testset_XYplotDD.xlsx"
30911	"2011KSHV2PParray-badPP2"	"ks67_101132"	101132.5	"Orf62"	"good"	"PP2"	"Orf62_101132.5PP2"	60	32.55	60	37.85	33.58	36.11	38.79	60	35.37	60	41.27	33.42	60	60	60	60	60	60	36.99	60	32.83	40.77	60	60	60	38.81	60	60	35.81	60	37.65	36.51	60	34.26	37.98	60	60	60	60	54.29	"010513_testset_XYplotDD.xlsx"
19262	"2011KSHV2PParray-PP2only"	"ks68_103119"	103119	"Orf63"	"bad"	"PP2"	"Orf63_103119PP2"	34.44	53.83	57.54	45.85	48.46	38.82	60	33.62	40.63	60	49.32	35.67	53.54	60	32.88	60	33.23	30.49	29.84	30.22	27.75	29.78	60	60	50.69	45.85	53.57	46.11	42.39	37.41	33.59	32.43	60	30.35	33.75	36.86	49.45	47.41	60	39.9	"010513_testset_XYplotDD.xlsx"
30911	"2011KSHV2PParray-badPP2"	"ks68_103119"	103119.5	"Orf63"	"bad"	"PP2"	"Orf63_103119.5PP2"	60	60	60	60	60	60	60	60	60	60	60	60	60	60	57.69	60	60	60	60	60	53.86	60	60	60	60	60	60	60	60	60	60	60	60	54.34	57.96	60	60	60	60	60	"010513_testset_XYplotDD.xlsx"
19262	"2011KSHV2PParray-PP2only"	"ks68_103639"	103639	"Orf63"	"bad"	"PP2"	"Orf63_103639PP2"	46.34	57.75	60	44.52	54.61	51.29	60	37.94	36.81	37.85	60	33.7	39.39	60	34.35	50.44	60	51.97	35.33	43.45	29.62	35.43	55.87	60	60	50.04	50.47	43.25	36.71	60	54.74	32.42	58	30.53	36.55	50.65	55.55	60	47.86	57.74	"010513_testset_XYplotDD.xlsx"
30911	"2011KSHV2PParray-badPP2"	"ks68_103639"	103639.5	"Orf63"	"bad"	"PP2"	"Orf63_103639.5PP2"	60	60	60	51.77	60	56.45	60	60	51.37	57.26	60	50.95	60	60	50.95	60	60	60	54.58	60	48.87	60	60	60	60	60	54.99	60	51.92	57.46	60	51.98	60	46.67	55.48	60	60	53.33	60	60	"010513_testset_XYplotDD.xlsx"
19262	"2011KSHV2PParray-PP2only"	"ks69_111231"	111231	"Orf63"	"bad"	"PP2"	"Orf63_111231PP2"	42.73	35.73	52.88	37.38	48.34	41.66	33.54	37.91	54.29	35.5	39.64	35.94	44.56	45.52	33.76	47.43	38.88	30.89	30.49	31.65	27.86	31.71	41.47	34.77	42.36	60	42.98	47.72	35.49	33.75	32.93	31.23	36.42	32.91	34.86	42.28	43.64	52.76	47.69	39.58	"010513_testset_XYplotDD.xlsx"
30911	"2011KSHV2PParray-badPP2"	"ks69_111231"	111231.5	"Orf63"	"bad"	"PP2"	"Orf63_111231.5PP2"	60	60	60	60	60	60	60	60	60	60	60	60	60	60	60	60	60	60	60	60	56.26	60	60	60	60	60	60	60	60	60	60	60	60	53.75	60	60	60	60	60	60	"010513_testset_XYplotDD.xlsx"
19262	"2011KSHV2PParray-PP2only"	"ks69_111599"	111599	"Orf63"	"bad"	"PP2"	"Orf63_111599PP2"	47.79	50.51	32.75	40.72	35.2	55.17	60	33.89	60	36.36	42.57	31.75	47.64	60	32.98	43.51	33.46	30.48	29.28	31.8	28.38	30.49	31.73	39.36	60	46.79	34.56	36.8	34.69	32.95	34.28	31.17	60	29.36	32.72	60	60	44.27	60	60	"010513_testset_XYplotDD.xlsx"
30911	"2011KSHV2PParray-badPP2"	"ks69_111599"	111599.5	"Orf63"	"bad"	"PP2"	"Orf63_111599.5PP2"	60	60	60	60	60	60	60	60	60	60	60	60	60	60	60	60	60	60	60	60	60	60	60	60	60	60	60	60	60	60	60	60	60	60	60	60	60	60	60	60	"010513_testset_XYplotDD.xlsx"
30911	"2011KSHV2PParray-badPP2"	"ks7_15008"	15008	"Orf10"	"good"	"PP1"	"Orf10_15008PP1"	60	60	60	40.78	60	36.8	39.35	38.83	40.09	35.85	40.52	35.94	60	60	37.44	60	45.76	60	37.49	60	36.74	42.88	60	60	60	39.88	39.76	39.74	35.67	60	38.75	38.54	51.19	33.3	38.4	43.49	60	60	60	60	"010513_testset_XYplotDD.xlsx"
30911	"2011KSHV2PParray-badPP2"	"ks7_15244"	15244	"Orf10"	"good"	"PP1"	"Orf10_15244PP1"	60	60	60	35.86	36.98	33.28	37.71	60	36.19	33.44	39.21	34.72	60	60	33.8	60	38.86	60	35.71	60	33.98	45.28	60	60	60	36.32	60	36.35	32.99	38.55	52.95	36.25	54.33	31.22	35.22	36.38	39.67	46.98	60	60	"010513_testset_XYplotDD.xlsx"
30911	"2011KSHV2PParray-badPP2"	"ks7_15288"	15288	"Orf10"	"good"	"PP1"	"Orf10_15288PP1"	43.85	60	60	37.98	60	34.6	37.31	60	39.37	35.2	37.5	34.58	60	60	39.41	60	60	60	40.63	60	35.61	42.81	60	60	60	39.39	60	41.36	35.47	60	38.92	41.96	43	33.92	37.76	60	60	60	60	55.84	"010513_testset_XYplotDD.xlsx"
19262	"2011KSHV2PParray-PP2only"	"ks70_112376"	112376	"Orf65"	"good"	"PP2"	"Orf65_112376PP2"	51.29	48.74	60	34.89	44.82	32.88	33.65	32.82	31.32	30.59	56.27	29.19	60	60	31.54	48.77	53.4	32.81	29.43	32.54	26.58	32.43	40.83	55.7	45.98	43.48	52.94	60	30.2	34.86	31.22	30.21	33.59	28.71	31.24	34.53	47.55	52.3	54.89	43.93	"010513_testset_XYplotDD.xlsx"
30911	"2011KSHV2PParray-badPP2"	"ks70_112376"	112376.5	"Orf65"	"bad"	"PP2"	"Orf65_112376.5PP2"	60	60	60	60	60	60	60	60	60	60	60	60	60	60	60	60	60	60	60	60	60	60	60	60	60	60	60	60	60	60	60	60	60	60	60	60	60	60	60	60	"010513_testset_XYplotDD.xlsx"
19262	"2011KSHV2PParray-PP2only"	"ks71_112774"	112774	"Orf66"	"bad"	"PP2"	"Orf66_112774PP2"	38.39	60	60	36.85	36.33	45.38	34.51	33.25	32.42	32.71	48.65	29.48	57.56	60	30.86	56.32	56.54	34.49	30.2	36.78	26.66	34.37	60	60	51.02	60	52.88	39.97	32.29	34.17	32.66	29.77	60	28.99	32.21	46.54	51.98	60	48.66	60	"010513_testset_XYplotDD.xlsx"
30911	"2011KSHV2PParray-badPP2"	"ks71_112774"	112774.5	"Orf66"	"bad"	"PP2"	"Orf66_112774.5PP2"	60	60	60	60	60	60	60	60	60	60	60	60	60	60	60	60	60	60	60	60	60	60	60	60	60	60	60	60	60	60	60	60	60	60	60	60	60	60	60	60	"010513_testset_XYplotDD.xlsx"
19262	"2011KSHV2PParray-PP2only"	"ks71_112971"	112971	"Orf66"	"bad"	"PP2"	"Orf66_112971PP2"	55.93	60	60	51.62	60	60	60	54.21	40.41	32.81	60	60	60	60	32.96	60	60	35.3	34.71	40.18	27.38	40.87	36.86	60	60	40.91	53.73	42.29	41.14	53.43	44.51	31.26	34.5	29.21	48.24	33.84	60	35.9	60	60	"010513_testset_XYplotDD.xlsx"
30911	"2011KSHV2PParray-badPP2"	"ks71_112971"	112971.5	"Orf66"	"bad"	"PP2"	"Orf66_112971.5PP2"	60	60	60	60	60	60	60	60	60	60	60	60	60	60	60	60	60	60	60	60	60	60	60	60	60	60	60	60	60	60	60	60	60	51.52	60	60	60	60	60	60	"010513_testset_XYplotDD.xlsx"
19262	"2011KSHV2PParray-PP2only"	"ks71_113453"	113453	"Orf66"	"bad"	"PP2"	"Orf66_113453PP2"	47.89	48.71	32.6	38.67	51.84	51.56	33.72	33.42	44.42	33.31	34	29.47	46.53	49.81	31.29	41.5	42.64	30.53	28.93	29.72	26.82	31.51	31.89	32.26	46.81	47.74	47.19	36.88	34.34	31.49	31.76	29.98	52.46	28.34	32.35	38.56	45.33	50.17	48.82	48.18	"010513_testset_XYplotDD.xlsx"
30911	"2011KSHV2PParray-badPP2"	"ks71_113453"	113453.5	"Orf66"	"bad"	"PP2"	"Orf66_113453.5PP2"	60	60	60	60	60	60	60	60	60	60	60	60	60	60	60	60	60	60	60	60	60	60	60	60	60	60	60	60	60	60	60	60	60	60	60	60	60	60	60	60	"010513_testset_XYplotDD.xlsx"
30911	"2011KSHV2PParray-badPP2"	"ks72_113980"	113980	"Orf67"	"bad"	"PP2"	"Orf67_113980PP2"	60	60	60	50.95	60	60	60	53.37	47.45	45.95	60	46.54	56.69	60	47.77	60	60	60	48.59	60	43.93	60	60	60	60	60	60	60	49.21	51.6	52.81	47.34	60	45.31	51.51	60	60	60	60	60	"010513_testset_XYplotDD.xlsx"
19262	"2011KSHV2PParray-PP2only"	"ks72_113980"	113980.5	"Orf67"	"bad"	"PP2"	"Orf67_113980.5PP2"	60	53.3	60	60	48.5	33.22	38.44	33.57	32.49	33.79	36.94	30.36	60	60	33.84	53.33	55.38	50.95	30.41	34.74	27.99	41.98	60	60	53.27	60	33.79	42.32	33.48	34.63	34.72	30.81	60	28.52	32.21	56.43	51.25	60	60	60	"010513_testset_XYplotDD.xlsx"
19262	"2011KSHV2PParray-PP2only"	"ks72_114218"	114218	"Orf66"	"bad"	"PP2"	"Orf66_114218PP2"	57.51	60	45.74	38.72	34.67	33.54	47.57	32.44	33.51	33.22	60	30.55	34.99	60	31.63	55.4	60	32.45	29.7	31.48	27.43	32.61	32.37	60	60	41.3	53.49	60	32.79	32.33	48.82	30.08	51.83	27.98	30.94	32.52	47.31	60	47.38	55.87	"010513_testset_XYplotDD.xlsx"
30911	"2011KSHV2PParray-badPP2"	"ks72_114218"	114218.5	"Orf66"	"bad"	"PP2"	"Orf66_114218.5PP2"	60	60	60	42.12	60	43.35	60	43.81	41.93	60	60	39.76	60	60	43.41	60	60	60	41.95	60	38.93	60	60	60	60	60	60	60	42.95	60	60	44.38	60	39.46	41.75	60	60	60	60	60	"010513_testset_XYplotDD.xlsx"
30911	"2011KSHV2PParray-badPP2"	"ks72_114453"	114453	"Orf66"	"bad"	"PP2"	"Orf66_114453PP2"	60	60	60	60	60	60	60	60	60	60	60	60	60	60	60	60	60	60	60	60	60	60	60	60	60	60	60	60	60	60	60	60	60	60	60	60	60	60	60	60	"010513_testset_XYplotDD.xlsx"
19262	"2011KSHV2PParray-PP2only"	"ks72_114453"	114453.5	"Orf66"	"bad"	"PP2"	"Orf66_114453.5PP2"	60	60	60	42.2	52.64	34.84	60	33.69	32.9	33.8	37.43	30.61	40.33	60	31.59	60	60	35.39	30.95	35.06	27.52	34.66	60	60	60	42.62	34.01	39.42	34.44	35.66	33.32	30.41	34.88	28.99	31.63	60	60	46.7	60	60	"010513_testset_XYplotDD.xlsx"
19262	"2011KSHV2PParray-PP2only"	"ks73_115325"	115325	"Orf68"	"bad"	"PP2"	"Orf68_115325PP2"	30.57	34.26	30.82	32.7	60	53.69	48.86	46.68	60	51.37	31.35	46.47	60	33.36	49.4	53.54	31.92	29.86	29.66	29.36	30.56	29.15	35.92	35.59	60	60	42.76	60	54.88	34.57	41.43	36.21	60	39.51	43.91	53.69	60	60	60	60	"010513_testset_XYplotDD.xlsx"
30911	"2011KSHV2PParray-badPP2"	"ks73_115325"	115325.5	"Orf68"	"bad"	"PP2"	"Orf68_115325.5PP2"	60	60	60	60	60	60	60	60	60	60	60	56.69	60	60	60	60	60	60	60	60	60	60	60	60	60	60	60	60	57.55	60	60	60	60	60	60	60	60	60	60	60	"010513_testset_XYplotDD.xlsx"
19262	"2011KSHV2PParray-PP2only"	"ks73_115807"	115807	"Orf68"	"bad"	"PP2"	"Orf68_115807PP2"	52.47	51.38	48.75	60	33.29	60	40.9	32.67	60	34.72	60	36.2	60	36.99	29.77	60	54.71	33.3	28.95	30.54	29.59	33.66	60	34.51	45.15	44.41	32.96	60	45.93	43.24	34.48	33.79	54.28	30.13	32.76	44.7	44.59	57.85	47.48	60	"010513_testset_XYplotDD.xlsx"
30911	"2011KSHV2PParray-badPP2"	"ks73_115807"	115807.5	"Orf68"	"bad"	"PP2"	"Orf68_115807.5PP2"	60	60	60	60	60	60	60	60	60	60	60	60	60	60	60	60	60	60	60	60	60	60	60	60	60	60	60	60	60	60	60	60	60	60	60	60	60	60	60	60	"010513_testset_XYplotDD.xlsx"
19262	"2011KSHV2PParray-PP2only"	"ks73_115939"	115939	"Orf68"	"bad"	"PP2"	"Orf68_115939PP2"	29.9	33.65	30.54	30.47	32.88	33.96	34.22	32.41	32.17	35.67	33.49	29.79	47.4	32.77	31.83	41.36	31.36	28.35	27.56	28.31	26.66	28.1	29.98	29.7	39.29	33.88	33.57	33.53	32.43	31.8	30.43	28.95	39.84	27.72	31.2	44.39	41.78	44.5	45.9	41.16	"010513_testset_XYplotDD.xlsx"
30911	"2011KSHV2PParray-badPP2"	"ks73_115939"	115939.5	"Orf68"	"bad"	"PP2"	"Orf68_115939.5PP2"	60	60	60	60	60	60	60	60	60	60	60	52.62	60	60	57.32	60	60	60	57.57	60	53.24	60	60	60	60	60	60	60	60	60	60	56.45	60	53.67	55.86	60	51.86	60	60	60	"010513_testset_XYplotDD.xlsx"
19262	"2011KSHV2PParray-PP2only"	"ks74_116922"	116922	"Orf69"	"good"	"PP2"	"Orf69_116922PP2"	33.91	60	46.36	34.33	60	32.55	30.42	30.89	33.48	32.3	32.6	28.6	60	33.56	28.36	60	31.78	33.72	26.89	35.13	25.52	32.2	33.6	55.39	60	40.6	29.42	39.16	30.87	33.82	32.38	25.57	60	23.62	29.95	33.84	60	34.59	60	60	"010513_testset_XYplotDD.xlsx"
30911	"2011KSHV2PParray-badPP2"	"ks74_116922"	116922.5	"Orf68"	"bad"	"PP2"	"Orf68_116922.5PP2"	60	60	60	60	60	60	60	60	60	60	60	60	60	60	60	60	60	60	60	60	60	60	60	60	60	60	60	60	60	60	60	60	60	60	60	60	60	60	60	60	"010513_testset_XYplotDD.xlsx"
19262	"2011KSHV2PParray-PP2only"	"ks74_117120"	117120	"Orf69"	"bad"	"PP2"	"Orf69_117120PP2"	32.32	60	42.65	34.83	33.45	32.63	29.75	29.79	32.55	31.91	35.41	27.93	60	60	27.82	60	32.65	31.5	26.52	31.75	24.72	31.63	31.65	37.49	60	36.79	30.44	41.87	30.77	32.26	32.82	25.52	32.31	23.73	30.73	60	60	34.99	35.2	60	"010513_testset_XYplotDD.xlsx"
30911	"2011KSHV2PParray-badPP2"	"ks74_117120"	117120.5	"Orf68"	"bad"	"PP2"	"Orf68_117120.5PP2"	60	60	60	52.43	55.8	52.23	53.52	50.34	49.84	52.29	54.96	47.46	60	60	46.76	60	60	60	49.42	60	45.77	57.27	55.93	60	60	56.69	50.94	55.39	50.5	60	56.78	47.29	60	44.26	51.24	60	60	60	60	60	"010513_testset_XYplotDD.xlsx"
19262	"2011KSHV2PParray-PP2only"	"ks76_122381"	122381	"LANA"	"bad"	"PP2"	"LANA_122381PP2"	31.66	60	31.38	30.57	31.52	29.44	27.15	28.46	28.92	27.6	29.83	24.87	33.98	60	24.51	60	27.94	35.6	24.44	34.51	22.85	30.2	30.72	60	60	33.78	27.93	35.85	27.79	30.82	27.94	22.51	31.38	21.54	28.93	31.39	35.18	32.27	34.67	60	"010513_testset_XYplotDD.xlsx"
30911	"2011KSHV2PParray-badPP2"	"ks76_122381"	122381.5	"LANA"	"bad"	"PP2"	"LANA_122381.5PP2"	60	60	60	60	60	60	60	60	60	60	60	60	60	60	60	60	60	60	60	60	60	60	60	60	60	60	60	60	60	60	60	60	60	60	60	60	60	60	60	60	"010513_testset_XYplotDD.xlsx"
19262	"2011KSHV2PParray-PP2only"	"ks76_122443"	122443	"LANA"	"good"	"PP2"	"LANA_122443PP2"	29.78	54.64	30.5	29.66	31.44	29.56	27.5	28.39	29.67	28.21	28.82	25.18	34.26	60	24.56	60	27.57	33.64	24.31	33.48	22.86	30.63	33.58	36.63	55.3	32.37	28.04	33.07	28.16	30.6	28.92	22.44	32.09	21.94	28.03	31.71	33.75	31.88	33.23	60	"010513_testset_XYplotDD.xlsx"
30911	"2011KSHV2PParray-badPP2"	"ks76_122443"	122443.5	"LANA"	"bad"	"PP2"	"LANA_122443.5PP2"	60	60	60	60	60	60	60	60	60	60	60	60	60	60	60	60	60	60	60	60	60	60	60	60	60	60	60	60	60	60	60	60	60	60	60	60	60	60	60	60	"010513_testset_XYplotDD.xlsx"
19262	"2011KSHV2PParray-PP2only"	"ks77_123054"	123054	"LANA"	"bad"	"PP2"	"LANA_123054PP2"	30.73	60	33.99	44.8	30.24	35.65	32.48	27.93	33.84	27.85	39.99	29.8	60	60	23.65	60	26.89	32.69	24.15	33.69	22.47	31.84	35.43	60	60	34.77	27.95	36.37	38.65	29.48	28.42	23.4	31.44	21.86	27.7	31.83	31.28	31.48	35.73	60	"010513_testset_XYplotDD.xlsx"
30911	"2011KSHV2PParray-badPP2"	"ks77_123054"	123054.5	"LANA"	"bad"	"PP2"	"LANA_123054.5PP2"	60	60	60	60	60	60	60	60	60	60	60	57.81	60	60	56.18	60	60	60	60	60	60	60	60	60	60	60	60	60	60	60	60	60	60	60	60	60	60	60	60	60	"010513_testset_XYplotDD.xlsx"
19262	"2011KSHV2PParray-PP2only"	"ks77_123293"	123293	"LANA"	"bad"	"PP2"	"LANA_123293PP2"	31.77	49.7	33.81	32.64	32.8	30.97	28.56	29.77	30.51	29.62	31.73	26.2	55.83	35.21	25.61	51.99	28.42	33.41	25.21	32	24.36	31.32	32.47	50.38	49.28	36.96	29.38	38.8	28.69	35.52	32.72	26.67	31.9	23.11	29.31	60	60	33.74	34.3	53.89	"010513_testset_XYplotDD.xlsx"
30911	"2011KSHV2PParray-badPP2"	"ks77_123293"	123293.5	"LANA"	"bad"	"PP2"	"LANA_123293.5PP2"	57.45	60	60	50.89	54.16	49.9	47.81	47.51	49.84	47.88	52.61	43.62	60	56.29	41.35	60	51.73	60	46.79	60	44.61	54.71	50.81	60	60	47.17	46.99	51.45	46.81	55.48	53.74	44.24	57.97	60	49.26	52.62	55.91	54.95	60	60	"010513_testset_XYplotDD.xlsx"
19262	"2011KSHV2PParray-PP2only"	"ks77_123511"	123511	"LANA"	"bad"	"PP2"	"LANA_123511PP2"	32.48	53.92	34.78	33.84	32.39	31.15	28.92	30.23	32.24	29.75	31.8	26.96	60	60	27.28	54.73	29.76	36.14	25.74	35.43	25.36	31.41	32.59	60	60	35.75	29.87	38.16	29.57	32.28	30.02	23.94	33.28	23.74	29.96	31.32	32.27	32.43	33.91	48.26	"010513_testset_XYplotDD.xlsx"
30911	"2011KSHV2PParray-badPP2"	"ks77_123511"	123511.5	"LANA"	"bad"	"PP2"	"LANA_123511.5PP2"	60	60	60	60	60	60	60	60	60	60	60	60	60	60	60	60	60	60	60	60	60	60	60	60	60	60	60	60	60	60	60	60	60	60	60	60	60	60	60	60	"010513_testset_XYplotDD.xlsx"
19262	"2011KSHV2PParray-PP2only"	"ks78_124002"	124002	"LANA"	"bad"	"PP2"	"LANA_124002PP2"	45.62	48	32.99	60	34.98	33.26	31.48	34.91	45.5	33.37	33.68	30.96	49.36	60	27.72	53.93	32.27	34.26	31.58	36.33	38.36	34.32	33.3	56.24	49.34	39.91	32.58	41.94	32.43	60	33.29	43.86	35.24	36.6	32.9	45.46	52.06	36.69	46.83	55.94	"010513_testset_XYplotDD.xlsx"
30911	"2011KSHV2PParray-badPP2"	"ks78_124002"	124002.5	"LANA"	"bad"	"PP2"	"LANA_124002.5PP2"	60	60	60	60	60	60	60	60	60	60	60	60	60	60	60	60	60	60	60	60	60	60	60	60	60	60	60	60	60	60	60	60	60	60	60	60	60	60	60	60	"010513_testset_XYplotDD.xlsx"
30911	"2011KSHV2PParray-badPP2"	"ks78_124393"	124393	"LANA"	"bad"	"PP2"	"LANA_124393PP2"	60	60	60	52.21	60	52.44	50.18	60	53.67	47.65	51.44	48.95	60	60	41.33	60	49.59	60	49.48	60	45.78	60	45.69	60	60	60	60	54.97	46.41	60	60	43.67	60	60	51.8	60	60	48.77	60	60	"010513_testset_XYplotDD.xlsx"
19262	"2011KSHV2PParray-PP2only"	"ks78_124393"	124393.5	"LANA"	"bad"	"PP2"	"LANA_124393.5PP2"	60	60	60	60	60	60	32.35	60	32.56	33.39	35.41	33.49	60	33.47	27.95	56.69	31.42	44.88	33.84	35.91	28.49	34.1	32.79	56.71	60	42.93	60	60	33.92	60	37.91	30.62	36.18	29.37	40.57	60	60	38.12	60	60	"010513_testset_XYplotDD.xlsx"
19262	"2011KSHV2PParray-PP2only"	"ks79_128145"	128145	"K14"	"good"	"PP2"	"K14_128145PP2"	54.76	60	49.77	36.76	60	60	33.25	60	32.89	33.73	34.68	32.47	36.14	54.95	30.34	60	34.41	42.87	33.65	36.68	32.4	37.93	33.84	60	46.06	35.11	33.72	38.58	32.91	60	51.62	29.61	60	30.89	60	54.53	60	60	52.35	57.39	"010513_testset_XYplotDD.xlsx"
30911	"2011KSHV2PParray-badPP2"	"ks79_128145"	128145.5	"K14"	"bad"	"PP2"	"K14_128145.5PP2"	60	60	60	60	60	60	37.92	60	36.91	38.61	60	40.51	60	60	33.81	60	41.13	60	60	60	44.84	60	60	60	60	38.76	40.21	39.71	40.51	60	60	37.46	60	60	39.67	60	60	60	60	60	"010513_testset_XYplotDD.xlsx"
19262	"2011KSHV2PParray-PP2only"	"ks79_128349"	128349	"K14"	"bad"	"PP2"	"K14_128349PP2"	35.84	47.38	36.64	54.59	40.78	40.94	36.53	36.44	37.57	34.84	50.83	39.56	44.68	60	29.18	60	34.75	35.95	32.73	51	32.15	60	44.15	60	60	34.32	35.5	40.19	40.8	54.18	33.77	29.21	60	28.46	35.59	60	60	36.09	60	60	"010513_testset_XYplotDD.xlsx"
30911	"2011KSHV2PParray-badPP2"	"ks79_128349"	128349.5	"K14"	"bad"	"PP2"	"K14_128349.5PP2"	60	60	60	60	60	60	60	60	60	60	60	60	60	60	60	60	60	60	60	60	60	60	60	60	60	60	60	60	60	60	60	60	60	60	60	60	60	60	60	60	"010513_testset_XYplotDD.xlsx"
19262	"2011KSHV2PParray-PP2only"	"ks79_128651"	128651	"K14"	"bad"	"PP2"	"K14_128651PP2"	51.53	60	60	36.56	60	36.14	33.48	60	31.81	36.97	52.3	32.3	36.23	50.9	29.34	60	60	34.2	32.85	33.25	34.8	34.57	33.61	60	60	45.58	34.81	60	34.48	53.99	33.8	28.68	60	29.66	36.62	60	60	37.93	36.25	60	"010513_testset_XYplotDD.xlsx"
30911	"2011KSHV2PParray-badPP2"	"ks79_128651"	128651.5	"K14"	"bad"	"PP2"	"K14_128651.5PP2"	60	60	60	60	60	60	60	60	60	60	60	60	60	60	60	60	60	60	60	60	60	60	60	60	60	60	60	60	60	60	60	60	60	60	60	60	60	60	60	60	"010513_testset_XYplotDD.xlsx"
30911	"2011KSHV2PParray-badPP2"	"ks8_16083"	16083	"Orf11"	"bad"	"PP2"	"Orf11_16083PP2"	39.5	45.67	39.18	37.51	40.16	39.53	36.3	39.99	34.39	36.33	37.2	33.69	45.67	40.56	33.41	52.9	55.88	45.89	34.72	60	33.25	42.09	38.55	60	46.84	35.14	32.62	36.96	33.51	60	43.77	35.45	43.32	30.83	36.2	39.98	60	38.95	39.38	47.35	"010513_testset_XYplotDD.xlsx"
30911	"2011KSHV2PParray-badPP2"	"ks8_16677"	16677.5	"Orf11"	"good"	"PP1"	"Orf11_16677.5PP1"	54.36	60	60	31.3	34.27	30.3	31.75	60	30.46	30.67	37	28.89	36.14	60	29.31	60	34.52	60	30.36	60	29.3	35.43	33.42	60	60	30.42	33.32	32.26	29.69	34.88	33.58	30.3	35.17	26.42	31.55	60	60	60	46.53	60	"010513_testset_XYplotDD.xlsx"
30911	"2011KSHV2PParray-badPP2"	"ks8_16798"	16798	"Orf11"	"good"	"PP1"	"Orf11_16798PP1"	60	60	60	60	60	60	60	60	60	60	60	60	60	60	60	60	60	60	60	60	60	60	60	60	60	60	60	60	60	60	60	60	60	60	60	60	60	60	60	60	"010513_testset_XYplotDD.xlsx"
19262	"2011KSHV2PParray-PP2only"	"ks80_129773"	129773	"K14"	"bad"	"PP2"	"K14_129773PP2"	53.79	60	35.84	32.3	60	32.47	30.4	33.6	30.66	31.8	32.85	30.63	34.97	60	26.85	60	60	35.7	30.85	37.5	29.59	46.7	60	60	56.48	37.71	32.92	38.81	31.29	60	33.56	27.28	60	27.79	34.5	60	60	35.42	60	60	"010513_testset_XYplotDD.xlsx"
30911	"2011KSHV2PParray-badPP2"	"ks80_129773"	129773.5	"K14"	"bad"	"PP2"	"K14_129773.5PP2"	60	60	60	60	60	57.61	52.38	60	49.45	60	57.35	50.49	60	60	48.43	60	55.32	60	57.6	60	51.1	60	60	60	60	56.49	54.96	56.33	52.38	60	60	53.27	60	48.36	60	60	60	57.82	60	60	"010513_testset_XYplotDD.xlsx"
19262	"2011KSHV2PParray-PP2only"	"ks80_129945"	129945	"K14"	"bad"	"PP2"	"K14_129945PP2"	32.85	34.87	31.76	31.86	35.86	32	30.27	39.84	31.51	31.71	32.84	29.62	35.44	33.66	26.57	35.66	30.47	28.12	27.88	28.62	27.98	28.56	31.34	27.8	36.14	34.71	34.93	38.64	31.43	31.59	31.53	26.83	36.33	27.67	34.75	34.62	36.16	35.09	36.62	37.85	"010513_testset_XYplotDD.xlsx"
30911	"2011KSHV2PParray-badPP2"	"ks80_129945"	129945.5	"K14"	"bad"	"PP2"	"K14_129945.5PP2"	60	60	60	60	60	60	60	60	60	60	60	60	60	60	60	60	60	60	60	60	60	60	60	60	60	60	60	60	60	60	60	60	60	60	60	60	60	60	60	60	"010513_testset_XYplotDD.xlsx"
19262	"2011KSHV2PParray-PP2only"	"ks80_130126"	130126	"K14"	"bad"	"PP2"	"K14_130126PP2"	42.98	34.87	32.84	37.59	36.31	32.89	32.32	51.62	31.78	34.15	34.37	31.87	39.59	55.7	28.45	47.58	42.86	30.2	29.59	29.73	30.86	29.83	31.96	34.39	40.97	37.66	34.4	40.51	32.77	32.98	34.57	28.27	39.37	29.1	44.95	44.89	48.76	36.98	45.83	48.97	"010513_testset_XYplotDD.xlsx"
30911	"2011KSHV2PParray-badPP2"	"ks80_130126"	130126.5	"K14"	"bad"	"PP2"	"K14_130126.5PP2"	60	60	60	60	60	60	60	60	60	60	60	60	60	60	60	60	60	60	60	60	60	60	60	60	60	60	60	60	60	60	60	60	60	60	60	60	60	60	60	60	"010513_testset_XYplotDD.xlsx"
19262	"2011KSHV2PParray-PP2only"	"ks81_130749"	130749	"K15"	"bad"	"PP2"	"K15_130749PP2"	30.31	42.77	30.73	30.36	32.55	29.48	27.26	29.5	30.6	28.73	30.43	25.76	37.55	44.99	23.41	40.91	28.53	30.63	27.8	30.29	23.5	30.77	30.39	40.52	39.17	31.8	30.76	35.68	26.7	32.5	30.58	23.95	34.81	23.96	30.54	33.35	38.81	32.87	34.7	40.3	"010513_testset_XYplotDD.xlsx"
30911	"2011KSHV2PParray-badPP2"	"ks81_130749"	130749.5	"K15"	"bad"	"PP2"	"K15_130749.5PP2"	60	60	60	60	60	60	60	60	60	60	60	60	60	60	60	60	60	60	60	60	60	60	60	60	60	60	60	60	60	60	60	60	60	60	60	60	60	60	60	60	"010513_testset_XYplotDD.xlsx"
19262	"2011KSHV2PParray-PP2only"	"ks81_131117"	131117	"K15"	"bad"	"PP2"	"K15_131117PP2"	33.95	60	33.34	46.95	32.64	34.48	32.62	30.48	37.23	28.16	43.46	29.57	60	35.3	23.86	60	30.58	30.95	27.45	31.26	23.86	32.26	38.53	60	60	33.32	29.88	34.4	34.82	33.97	30.25	24.88	33.31	23.92	30.16	31.9	34.65	32.81	60	60	"010513_testset_XYplotDD.xlsx"
30911	"2011KSHV2PParray-badPP2"	"ks81_131117"	131117.5	"K15"	"bad"	"PP2"	"K15_131117.5PP2"	60	60	60	60	60	60	60	60	60	60	60	60	60	60	56.57	60	60	60	60	60	60	60	60	60	60	60	60	60	60	60	60	60	60	60	60	60	60	60	60	60	"010513_testset_XYplotDD.xlsx"
19262	"2011KSHV2PParray-PP2only"	"ks81_131458"	131458	"K15"	"bad"	"PP2"	"K15_131458PP2"	27.39	33.75	27.92	27.79	33.92	29.46	27.84	30.31	31.27	28.96	27.65	25.75	44.99	29.72	24.55	32.94	27.89	24.91	24.59	24.62	23.91	24.63	27.42	27.65	35.98	32.47	30.5	33.6	27.34	27.6	27.45	23.65	31.61	23.81	30.38	35.23	48.45	32.31	40.95	41.38	"010513_testset_XYplotDD.xlsx"
30911	"2011KSHV2PParray-badPP2"	"ks81_131458"	131458.5	"K15"	"bad"	"PP2"	"K15_131458.5PP2"	60	60	60	60	60	60	60	60	60	60	60	60	60	60	60	60	60	60	60	60	60	60	60	60	60	60	60	60	60	60	60	60	60	60	60	60	60	60	60	60	"010513_testset_XYplotDD.xlsx"
30911	"2011KSHV2PParray-badPP2"	"ks82_136250"	136250	"K15"	"bad"	"PP2"	"K15_136250PP2"	60	60	60	60	60	60	60	60	60	60	60	60	60	60	60	60	60	60	60	60	60	60	60	60	60	60	60	60	60	60	60	60	60	60	60	60	60	60	60	60	"010513_testset_XYplotDD.xlsx"
19262	"2011KSHV2PParray-PP2only"	"ks82_136250"	136250.5	"K15"	"bad"	"PP2"	"K15_136250.5PP2"	60	60	60	60	60	35.63	60	60	60	60	60	60	60	60	57.79	36.39	32.85	31.14	31.95	31.84	47.52	31.87	33.66	35.18	60	60	60	60	60	43.17	35.63	60	60	60	60	60	60	60	60	60	"010513_testset_XYplotDD.xlsx"
30911	"2011KSHV2PParray-badPP2"	"ks9_17821"	17821	"K2"	"good"	"PP1"	"K2_17821PP1"	46.4	60	60	41.84	45.78	43.13	39.76	40.27	42.8	38.58	47.69	40.73	60	60	42.92	60	50.56	60	42.69	60	42.36	44.83	50.79	60	60	46.19	47.5	49.25	46.23	53.8	53.4	42.4	60	36.4	42.3	49.72	60	43.92	60	60	"010513_testset_XYplotDD.xlsx"
