"X180"	"X220"	"X225"	"X316"	"X541"	"X1167"	"X1338"	"X1347"	"X1367"	"X1461"	"X1835"	"X3392"	"X3450"	"X3588"	"X4337"	"X4647"	"X4750"	"X4983"	"X5030"	"X5098"	"X5130"	"X5267"	"X5386"	"X5557"	"X5720"	"X6039"	"X6268"	"X6725"	"X6814"	"X7109"	"X8064"	"X8670"	"X9161"	"X9401"	"X9926"	"X9953"
0	0	0.551307418413352	0	2.29689192869291	0	0	0	0	0	2.80023326673731	0	0	0	1.49108462827022	0	0.64751916249633	0	0	0	0	0	0	0	0	2.27581771259279	3.39419653540112	0	2.87463223988964	0	0	0	0	0	0	0
0	0	0.551307418413352	0	0	0	0	0	0	20.9952294235103	0	0	0	0	10.2610846282702	0	-0.262480837503674	0	0	0	0	0	0	0	0	3.04581771259279	4.62419653540111	0	6.42463223988964	0	0	0	0	0	0	0
0	0	0.551307418413352	0	0	0	0	0	0	0	12.4702332667373	0	0	0	16.1110846282702	0	0	0	0	0	0	0	0	0	0	17.8758177125928	14.4641965354011	0	16.1746322398896	0	0	0	0	0	0	0
0	0	0.551307418413352	0	0	9.37312492429609	0	0	11.4303695846769	9.51522942351031	0	9.13604840261903	0	0	7.28108462827023	0	0	0	0	0	4.75048636655511	0	0	0	0	0	0	6.72307473856995	5.47463223988964	0	3.22022674970552	9.73243316272498	0	0	10.5678024501382	0
0	13.2687545559204	-8.77472436431676	6.71946159227571	-2.02913985403721	8.71709314156597	-9.32603178273012	-9.32603178273012	9.40433780194676	0.129197640780195	-9.32603178273012	5.74001661988891	-9.32603178273012	-9.32603178273012	2.34505284554011	-9.32603178273012	-9.32603178273012	-9.32603178273012	4.59613372320883	-9.32603178273012	1.704454583825	-9.32603178273012	-9.32603178273012	-9.32603178273012	-9.32603178273012	2.55978592986267	-9.32603178273012	-9.32603178273012	6.04860045715952	-9.32603178273012	1.7541949669754	2.45640137999486	-5.71229161742508	-9.32603178273012	-9.32603178273012	-9.32603178273012
0	0	0.551307418413352	8.18549337500583	0	11.9931249242961	0	0	14.0903695846769	9.83522942351031	0	12.006048402619	2.52185268172182	0	5.73108462827022	0	0	0	10.5921655059389	0	4.21048636655511	0	9.79227475126509	0	0	0	0	4.44307473856995	10.1446322398896	0	6.21022674970552	4.34243316272498	0	0	0	0
0	0	0.551307418413352	9.89549337500583	0	11.8731249242961	0	0	8.53036958467687	11.0052294235103	0	10.586048402619	0	0	7.91108462827022	0	0	0	0	0	0.350486366555113	0	0	0	0	0	0	0	5.85463223988964	0	2.11022674970552	9.19243316272498	0	0	0	0
0	-0.00603178273011551	0.545275635683236	8.56946159227571	-0.00603178273011551	0.417093141565967	-0.00603178273011551	-0.00603178273011551	10.1243378019468	9.06919764078019	2.87420148400719	7.06001661988891	-0.00603178273011551	-0.00603178273011551	4.27505284554011	-0.00603178273011551	-0.00603178273011551	-0.00603178273011551	-0.00603178273011551	-0.00603178273011551	3.174454583825	-0.00603178273011551	-0.00603178273011551	-0.00603178273011551	-0.00603178273011551	3.56978592986267	-0.00603178273011551	-0.00603178273011551	2.75860045715952	-0.00603178273011551	-0.00603178273011551	-0.00603178273011551	-0.0622916174250818	-0.00603178273011551	-0.00603178273011551	-0.00603178273011551
0	0	0.551307418413352	10.3154933750058	5.19689192869291	3.17312492429608	0	0	13.8003695846769	11.4852294235103	5.46023326673731	11.426048402619	0	0	0	0	0	0	0	0	2.71048636655511	0	0	0	0	2.75581771259279	0	5.45307473856995	8.22463223988964	0	2.43022674970552	12.032433162725	0	0	0	0
0	0	0.551307418413352	13.6154933750058	0	16.2631249242961	0	0	16.3403695846769	13.6152294235103	0	15.056048402619	0	0	8.82108462827023	0	0	0	0	0	9.47048636655511	0	7.65227475126509	0	0	10.3258177125928	0	0	11.9946322398896	0	7.90022674970552	9.33243316272498	5.65374016530503	0	0	-0.105739730538396
0	0	0.551307418413352	5.18549337500583	0	5.43312492429609	5.24237335553597	0	4.21036958467687	4.14522942351031	0.680233266737314	7.05604840261903	0	0	3.66108462827022	0	0	0	0.742165505938942	0	1.22048636655511	0.701370278919853	0	0	0	1.70581771259279	5.93419653540112	0.553074738569951	2.51463223988964	0	3.11022674970552	0	0	0	0	0
0	20.2387545559204	-5.30472436431677	10.3194615922757	15.1808601459628	8.94709314156597	9.02634157280586	2.0956295886834	7.30433780194676	6.28919764078019	8.7542014840072	8.68001661988891	-5.85603178273012	-5.85603178273012	5.31505284554011	-5.85603178273012	3.30148737976621	-5.85603178273012	5.42613372320882	-5.85603178273012	4.75445458382499	-5.85603178273012	-5.85603178273012	-5.85603178273012	-5.85603178273012	6.14978592986268	16.758164752671	4.81704295583983	9.18860045715952	-1.09413050621596	5.5941949669754	7.64640137999486	0.937708382574918	-5.85603178273012	16.221770667408	-5.85603178273012
0	0	0.551307418413352	25.2654933750058	0	20.5331249242961	22.492373355536	0	18.8103695846769	19.4052294235103	0	23.256048402619	0	0	19.2110846282702	0	17.1575191624963	0	19.2621655059389	0	20.0004863665551	0	0	0	0	19.5058177125928	0	0	23.4446322398896	17.2719012765142	20.1102267497055	16.212433162725	16.823740165305	0	0	0
0	-22.3960317827301	1.47527563568323	6.3694615922757	0.660860145962793	6.56709314156597	1.43634157280585	-5.8643704113166	3.72433780194676	4.16919764078019	1.90420148400719	3.65001661988891	1.1458208989917	-22.3960317827301	3.0850528455401	-22.3960317827301	-3.40851262023379	-22.3960317827301	1.64613372320882	-22.3960317827301	0.434454583824994	-0.374661503810266	-0.42375703146503	-22.3960317827301	-22.3960317827301	1.43978592986267	2.908164752671	2.35704295583983	4.41860045715952	0.155869493784042	-0.185805033024597	5.15640137999486	-0.472291617425089	-3.31347149329557	-0.498229332591958	-22.3960317827301
0	0	0.551307418413352	0	0	0	18.752373355536	0	20.8503695846769	0	0	17.756048402619	0	0	0	0	0	0	21.0621655059389	0	19.4104863665551	0	0	0	0	0	0	0	21.5146322398896	0	18.8902267497055	0	0	0	0	0
0	0	0.551307418413352	20.9954933750058	0	21.3231249242961	17.172373355536	8.95166137141352	18.7403695846769	0	17.7302332667373	16.406048402619	0	0	19.3510846282702	0	0	0	5.03216550593894	0	18.0104863665551	0	0	0	0	17.2058177125928	0	0	21.5646322398896	0	13.4602267497055	19.412433162725	0	0	0	0
0	0	0.551307418413352	9.11549337500583	0	5.88312492429608	0	0	10.7903695846769	0	0	2.96604840261903	0	0	4.65108462827023	0	0	0	1.08216550593895	0	0	-0.31862972108015	0	0	0	0.875817712592792	0	0	7.02463223988964	0	0	5.15243316272498	0	0	0	0
0	0	0.551307418413352	10.8554933750058	3.08689192869291	10.1231249242961	8.42237335553597	0	7.03036958467687	9.13522942351031	3.08023326673731	7.04604840261903	0	0	2.16108462827022	0	0	0	3.58216550593895	0	5.15048636655511	0	0	0	0	0	8.68419653540112	3.94307473856995	7.97463223988964	0	3.39022674970552	9.30243316272498	3.97374016530503	0	0	0
0	0	0.551307418413352	0	9.83689192869291	15.5731249242961	18.332373355536	0	14.0903695846769	8.92522942351031	0	0	0	0	11.4710846282702	0	0	0	0	0	15.1804863665551	0	0	0	0	16.4458177125928	0	0	16.4446322398896	0	0	0	0	0	13.9678024501382	0
0	-19.6060317827301	-19.0547243643168	-19.6060317827301	-19.6060317827301	-7.08290685843403	0.0963415728058585	-19.6060317827301	-2.90566219805324	-19.6060317827301	-1.0357985159928	0.890016619888911	-19.6060317827301	-19.6060317827301	-3.88494715445989	-19.6060317827301	-19.6060317827301	-19.6060317827301	-19.6060317827301	-19.6060317827301	-3.785545416175	-19.6060317827301	-19.6060317827301	-19.6060317827301	-17.9977439761086	1.67978592986267	-13.881835247329	-4.15295704416017	-0.741399542840476	-19.6060317827301	-5.61580503302459	-0.563598620005138	-19.6060317827301	-19.6060317827301	-19.6060317827301	-19.6060317827301
0	0	0.551307418413352	0	0	0	0	0	0	19.8452294235103	17.1102332667373	17.806048402619	18.1718526817218	0	0	0	18.8675191624963	0	17.0821655059389	0	17.6804863665551	0	0	0	0	18.3058177125928	0	0	19.9646322398896	0	14.2102267497055	13.912433162725	16.583740165305	0	0	0
0	0	0.551307418413352	19.7354933750058	0	0	16.322373355536	15.2516613714135	15.3603695846769	16.7552294235103	11.7802332667373	14.536048402619	0	0	15.8910846282702	0	13.4275191624963	0	17.7421655059389	0	17.0304863665551	0	0	0	0	16.6358177125928	16.7541965354011	12.52307473857	16.2446322398896	0	17.3202267497055	17.342433162725	0	0	0	0
0	0	24.3713074184134	18.4554933750058	0	3.44312492429609	18.922373355536	19.9716613714135	18.1303695846769	0	0	18.486048402619	0	0	19.3310846282702	0	18.9975191624963	0	20.9321655059389	0	19.2704863665551	14.7613702789199	0	0	0	17.3158177125928	0	20.77307473857	19.0546322398896	0	19.9802267497055	0	16.423740165305	0	20.6678024501382	0
0	-1.59603178273012	-1.04472436431677	8.33946159227571	6.91086014596279	-1.59603178273012	8.36634157280585	4.8556295886834	2.75433780194675	6.53919764078019	6.9742014840072	6.61001661988891	0.105820898991702	-1.59603178273012	6.61505284554011	-1.59603178273012	4.09148737976621	-1.59603178273012	9.64613372320882	-1.59603178273012	5.894454583825	-1.59603178273012	-1.59603178273012	-1.59603178273012	-1.59603178273012	7.98978592986267	10.328164752671	6.15704295583983	6.39860045715952	-1.59603178273012	6.8941949669754	7.19640137999486	0.997708382574913	-1.59603178273012	-1.59603178273012	-1.59603178273012
0	20.7747863386506	0.551307418413352	0	0	0	0	0	0	0	0	0	0	0	0	0	0	0	0	0	0	0	0	0	0	0	0.714196535401118	0	0	0	0	0	0	0	0	0
0	19.3547863386506	0.551307418413352	21.8154933750058	0	0	17.452373355536	0	18.3603695846769	14.9952294235103	21.1902332667373	20.996048402619	0	0	19.8110846282702	0	0	0	0	0	18.3004863665551	0	0	0	0	0	0	19.4030747385699	22.1346322398896	0	16.4802267497055	20.762433162725	18.543740165305	0	0	0
0	0	0.551307418413352	9.25549337500583	0	10.7631249242961	3.80237335553597	0	0.320369584676872	3.83522942351031	0	7.18604840261903	0	0	4.15108462827023	0	0	0	7.00216550593894	0	7.09048636655512	0	0	0	0	4.34581771259279	0	3.80307473856995	8.41463223988964	0	3.96022674970552	0	0	0	0	0
0	0	0.551307418413352	13.0754933750058	0	0	9.22237335553597	0	12.4403695846769	14.7352294235103	15.5402332667373	14.166048402619	0	0	0	0	0	0	10.3121655059389	0	12.5404863665551	0	0	0	0	9.69581771259279	0	15.0130747385699	10.1346322398896	9.72190127651416	10.3002267497055	0	10.563740165305	0	0	0
0	0	0.551307418413352	0	0	0	0	0	0	0	0	8.32604840261903	0	0	5.37108462827022	0	0	0	0	0	4.80048636655512	0	0	0	0	1.09581771259279	0	0	7.43463223988964	0	6.37022674970552	0	0	0	0	0
0	0	0.551307418413352	0	0	0	0	0	12.4103695846769	0	0	14.626048402619	0	0	0	0	0	0	0	0	14.4004863665551	0	0	0	0	16.8558177125928	0	0	15.9846322398896	0	9.23022674970552	14.842433162725	0	0	0	0
0	-1.30124544407956	-9.78472436431676	-3.95053840772429	-6.67913985403721	-11.872906858434	2.09634157280586	-2.4343704113166	-9.34566219805324	-7.0508023592198	-6.3857985159928	-1.40998338011109	-2.27417910100829	-2.20803281426555	-8.38494715445989	0.421562435320983	-6.87851262023379	3.94200427876963	2.06613372320883	-12.2047446561829	-6.515545416175	-4.10466150381027	-4.34375703146503	-17.9364477169776	2.90225602389143	-14.4802140701373	0.308164752670997	-3.44295704416017	-2.94139954284048	-14.844130506216	-17.8458050330246	-3.21359862000514	-1.40229161742509	-4.38347149329556	1.69177066740804	-2.94177151326851
0	-7.54603178273012	-6.99472436431677	-7.54603178273012	-7.54603178273012	6.34709314156596	-7.54603178273012	-7.54603178273012	-0.175662198053246	2.46919764078018	-7.54603178273012	-1.43998338011109	-7.54603178273012	-7.54603178273012	-1.7549471544599	-7.54603178273012	-7.54603178273012	-7.54603178273012	-7.54603178273012	-6.30474465618289	-0.395545416175011	-7.54603178273012	-7.54603178273012	-7.54603178273012	-7.54603178273012	-7.54603178273012	-4.121835247329	-7.54603178273012	2.96860045715952	-7.54603178273012	-7.54603178273012	11.5064013799949	-7.54603178273012	-7.54603178273012	-7.54603178273012	-7.54603178273012
0	0	0.551307418413352	0	21.4768919286929	0	0.0423733555359718	0	0	0	0	0	0	0	0	0	0	0	0	0	0	0	0	0	0	0	2.16419653540111	0	0	0	0	0	0	0	0	0
0	0	0.551307418413352	8.76549337500582	24.6268919286929	0	0	18.3816613714135	17.3503695846769	20.1452294235103	0	9.10604840261903	0	13.7179989684646	0	0.0875942180511018	0	17.0480360614997	2.37216550593894	0	0	0	0	0	0	0	0	0.133074738569949	8.33463223988964	0.81190127651416	6.18022674970552	14.182433162725	0	0	0	0
0	0	0.551307418413352	17.2654933750058	0	10.8831249242961	3.47237335553597	0	8.95036958467687	0	0	15.826048402619	0	0	0	0	0	0	14.3221655059389	0	6.46048636655511	0	0	0	0	0	0	0	12.5746322398896	0	0	17.462433162725	0	0	0	0
0	0	0.551307418413352	0	0	0	0	0	15.7803695846769	0	15.5702332667373	17.276048402619	0	0	0	0	0	0	15.1121655059389	0	15.5404863665551	0	0	0	0	12.8358177125928	0	0	15.8846322398896	0	16.0502267497055	13.492433162725	14.223740165305	0	0	0
0	0	0.551307418413352	0	0	0	18.782373355536	0	14.4003695846769	17.4352294235103	19.2902332667373	18.206048402619	0	0	0	0	0	0	18.3121655059389	0	14.7904863665551	0	0	0	0	15.7658177125928	0	0	17.8646322398896	0	12.5802267497055	18.142433162725	0	0	0	0
0	0	0.551307418413352	16.1854933750058	0	19.1731249242961	0	0	0	0	0	16.436048402619	0	0	16.1710846282702	0	0	0	13.0021655059389	0	14.3504863665551	0	0	0	0	17.8358177125928	0	15.0830747385699	18.3446322398896	0	12.2002267497055	0	0	0	0	0
0	0	0.551307418413352	7.13549337500583	0	7.87312492429609	8.06237335553597	0	0.500369584676871	0	0	6.13604840261903	0	0	1.32108462827023	0	0	0	4.09216550593894	0	1.63048636655511	0	0	0	0	0	0	6.03307473856995	7.13463223988964	0	2.09022674970552	9.27243316272498	0	0	0	0
0	10.3747863386506	0.551307418413352	0	0	0	3.69237335553597	0	9.41036958467688	0	0	3.02604840261903	0	0	5.52108462827022	0	0	0	0.0321655059389414	0	6.62048636655512	0	0	0	0	0	0	0	9.87463223988964	0	5.22022674970552	9.35243316272497	0	0	0	0
0	12.4447863386506	0.551307418413352	0	0	0	6.45237335553598	0	13.4303695846769	0	10.2202332667373	11.876048402619	0	0	0	0	0	0	0	0	11.0004863665551	0	0	0	0	0	0	0	9.43463223988964	0	10.2402267497055	12.862433162725	0	0	0	0
0	0	0.551307418413352	16.4654933750058	0	18.4731249242961	0	0	17.9603695846769	16.6352294235103	0	15.846048402619	0	0	10.5410846282702	0	0	0	9.71216550593894	0	4.77048636655512	0	0	0	0	0	0	15.0030747385699	17.0846322398896	0	13.2502267497055	20.172433162725	0	0	0	0
0	0	0.551307418413352	0	0	0	7.74237335553597	0	0	7.68522942351031	8.30023326673731	6.78604840261903	0	0	4.34108462827022	0	0	0	2.16216550593894	0	0	0	0	0	0	7.23581771259279	0	6.80307473856995	8.85463223988964	0	4.47022674970552	12.712433162725	0	0	0	0
0	0	0.551307418413352	0	21.6468919286929	0	0	0	0	0	0	0	0	0	0	0	0	0	0	0	0	0	0	0	0	0	0	0	0	0	0	0	0	0	0	0
0	0	0.551307418413352	12.0054933750058	0	12.5231249242961	10.962373355536	0	7.40036958467688	9.79522942351031	11.7802332667373	11.966048402619	0	0	7.19108462827023	0	0	0	11.3021655059389	0	9.51048636655512	9.45137027891985	0	0	0	9.34581771259279	0	0	10.3846322398896	6.61190127651416	0	11.162433162725	6.64374016530503	0	0	0
0	0	0.551307418413352	2.31549337500583	0	0	0	0	2.36036958467687	8.51522942351031	7.79023326673731	5.45604840261903	0	0	1.32108462827023	0	0	0	3.87216550593894	0	0	0	0	0	0	0	0	0	4.07463223988964	0.781901276514159	0.140226749705523	4.08243316272498	0	0	0	0
0	4.19478633865056	0.551307418413352	22.8554933750058	0	14.5131249242961	12.922373355536	0	10.1103695846769	15.5552294235103	0	14.996048402619	7.14185268172182	0	12.1210846282702	0	0	0	13.9621655059389	0	12.3204863665551	11.5013702789199	0	0	0	15.4058177125928	10.8941965354011	12.4930747385699	13.8246322398896	0	11.1102267497055	12.112433162725	13.473740165305	0	0	0
0	0	0.551307418413352	22.6754933750058	0	20.5231249242961	16.852373355536	0	14.9903695846769	18.7452294235103	18.3902332667373	18.476048402619	0	0	16.7910846282702	0	0	0	18.7921655059389	0	17.0504863665551	0	14.6622747512651	0	0	19.2558177125928	18.7741965354011	15.9930747385699	17.9146322398896	16.1119012765142	17.5302267497055	19.952433162725	0	0	0	0
0	-8.77603178273012	-8.22472436431677	15.5294615922757	-8.77603178273012	15.237093141566	-4.94365842719415	11.2456295886834	11.7143378019468	12.8591976407802	12.9142014840072	13.2700166198889	-8.77603178273012	-8.77603178273012	12.9050528455401	-8.77603178273012	6.78148737976621	3.98200427876963	12.9061337232088	-8.77603178273012	12.244454583825	10.4453384961897	-8.77603178273012	-8.77603178273012	-8.77603178273012	15.7997859298627	-2.841835247329	11.6970429558398	13.7386004571595	11.185869493784	12.3941949669754	13.9664013799949	11.2877083825749	-8.77603178273012	6.74177066740804	-8.77603178273012
0	0	0.551307418413352	17.6454933750058	16.5568919286929	21.3531249242961	15.832373355536	0	19.3203695846769	19.9952294235103	19.9602332667373	20.806048402619	0	0	18.2210846282702	0	15.0775191624963	0	20.9421655059389	0	19.3504863665551	0	0	0	0	21.7858177125928	18.5441965354011	16.63307473857	21.3846322398896	13.9519012765142	19.8602267497055	19.902433162725	17.393740165305	0	17.5478024501382	0
0	0	0.551307418413352	16.6454933750058	0	17.8531249242961	16.122373355536	0	15.4703695846769	0	0	17.106048402619	0	0	13.1610846282702	0	0	0	15.2721655059389	0	14.6904863665551	13.4913702789199	0	0	0	0	12.4841965354011	0	14.3546322398896	0	12.1202267497055	19.022433162725	0	0	0	0
0	0	0.551307418413352	0	0	18.0731249242961	15.012373355536	14.6116613714135	14.9103695846769	0	0	14.896048402619	0	0	0	0	0	0	0	0	9.56048636655511	0	0	0	0	0	18.4741965354011	15.7930747385699	15.3846322398896	0	13.1502267497055	16.842433162725	0	0	0	0
0	0	0.551307418413352	0	0	11.3831249242961	0	0	8.35036958467687	10.9052294235103	0	8.22604840261903	0	0	5.34108462827022	0	0	0	8.97216550593895	0	5.17048636655511	3.80137027891985	0	0	0	2.85581771259279	0	0	6.66463223988964	0	0.410226749705519	10.922433162725	0	0	0	0
0	0	0.551307418413352	0	0	8.59312492429608	14.922373355536	0	10.0003695846769	11.7852294235103	13.9702332667373	14.406048402619	8.91185268172182	0	10.5210846282702	0	0	0	8.61216550593895	0	9.39048636655511	0	0	0	0	10.6058177125928	0	0	11.2346322398896	0.801901276514162	10.3802267497055	15.472433162725	6.98374016530503	0	0	0
0	20.3647863386506	0.551307418413352	10.5854933750058	0	16.8031249242961	9.06237335553597	0	10.5703695846769	11.8652294235103	8.62023326673731	5.10604840261903	0	0	8.09108462827022	0	0	0	7.07216550593894	0	7.40048636655511	0	0	0	0	0	0	0	4.59463223988964	0	6.43022674970552	11.252433162725	0	0	0	0
0	0	0.551307418413352	0	0	8.28312492429608	11.322373355536	0	7.43036958467687	0	7.50023326673731	11.926048402619	0	0	0	0	8.04751916249633	0	0	0	7.15048636655511	0	0	0	0	3.30581771259279	0	0	10.4446322398896	0	0	11.722433162725	0	0	0	0
0	0	0.551307418413352	5.55549337500582	6.89689192869291	7.14312492429608	8.02237335553598	8.69166137141351	0	5.76522942351031	4.43023326673731	0	0	0	0	0	0	0	7.09216550593894	0	0	0	0	0	0	3.51581771259279	7.56419653540111	3.52307473856995	3.38463223988964	0	0	8.79243316272498	0	0	0	0
0	-1.89603178273012	-1.34472436431676	2.86946159227571	-1.89603178273012	8.31709314156597	3.81634157280586	-1.89603178273012	4.03433780194676	6.84919764078019	-1.89603178273012	7.05001661988891	-1.89603178273012	-1.89603178273012	2.66505284554011	-1.89603178273012	-1.89603178273012	-1.89603178273012	4.43613372320883	-1.89603178273012	4.604454583825	-1.89603178273012	-1.89603178273012	-1.89603178273012	-1.89603178273012	-1.89603178273012	6.798164752671	4.01704295583983	2.68860045715952	-1.89603178273012	0.624194966975402	6.20640137999486	-1.89603178273012	-1.89603178273012	-1.89603178273012	-1.89603178273012
0	0	0.551307418413352	7.95549337500582	10.2768919286929	0	8.36237335553597	0	5.05036958467688	0	0	9.09604840261903	0	0	5.89108462827023	0	0	0	6.59216550593894	0	7.15048636655511	7.05137027891985	0	0	0	0	11.2341965354011	0	7.54463223988964	4.08190127651416	0	13.512433162725	0	0	0	0
0	0	0.551307418413352	12.6554933750058	2.13689192869291	0	8.10237335553597	0	0	0	10.4402332667373	11.376048402619	0	0	12.8210846282702	10.2975942180511	0	0	0	5.66128712654724	3.16048636655512	0	0	0	0	0	11.5141965354011	0	9.51463223988964	0	0	-0.0975668372750214	2.85374016530503	0	0	9.94426026946161
0	0	0.551307418413352	0	0	0	3.01237335553597	0	9.00036958467687	0	0	2.20604840261903	0	0	2.53108462827023	0	0	0	4.52216550593894	0	5.68048636655511	0	0	0	0	0	0	0	5.53463223988964	0	4.02022674970552	0	0	0	0	0
0	-14.3760317827301	-13.8247243643168	-14.3760317827301	0.520860145962789	5.46709314156596	2.19634157280585	-2.75437041131661	1.99433780194676	3.51919764078019	2.43420148400719	4.37001661988891	-14.3760317827301	-14.3760317827301	0.445052845540108	-14.3760317827301	-14.3760317827301	-14.3760317827301	1.33613372320882	-14.3760317827301	1.19445458382499	-14.3760317827301	-14.3760317827301	-14.3760317827301	-14.3760317827301	3.17978592986267	-14.3760317827301	2.82704295583983	2.83860045715952	-14.3760317827301	-2.8758050330246	4.95640137999486	-14.3760317827301	-14.3760317827301	-14.3760317827301	-14.3760317827301
0	0	0.551307418413352	0	0	0	0	0	0	0	0	0	0	0	0	0	0	0	0	0	0	0	0	0	0	0	0	0	0	0	0	0	0	0	0	0
0	0.223968217269881	0.775275635683233	0.223968217269881	0.223968217269881	9.08709314156597	2.70634157280585	0.223968217269881	4.04433780194675	8.40919764078019	0.223968217269881	0.223968217269881	0.223968217269881	0.223968217269881	0.223968217269881	0.223968217269881	0.223968217269881	0.223968217269881	0.223968217269881	0.223968217269881	2.524454583825	0.223968217269881	0.223968217269881	0.223968217269881	0.223968217269881	0.223968217269881	0.223968217269881	0.223968217269881	0.223968217269881	0.223968217269881	0.223968217269881	0.223968217269881	0.223968217269881	0.223968217269881	2.04177066740804	0.223968217269881
0	-10.7560317827301	-10.2047243643168	5.38946159227571	4.2008601459628	11.117093141566	5.38634157280586	5.7656295886834	7.04433780194676	6.14919764078019	-10.7560317827301	6.31001661988891	-10.7560317827301	-10.7560317827301	3.67505284554011	-10.7560317827301	-10.7560317827301	-10.7560317827301	4.81613372320883	-10.7560317827301	4.484454583825	-10.7560317827301	3.15624296853497	-10.7560317827301	-10.7560317827301	6.91978592986267	4.468164752671	3.90704295583983	6.24860045715953	-10.7560317827301	1.6541949669754	8.29640137999486	-10.7560317827301	-10.7560317827301	-10.7560317827301	-10.7560317827301
0	-16.8960317827301	-16.3447243643168	-0.770538407724292	-16.8960317827301	5.27709314156597	-2.67365842719414	-1.0243704113166	3.31433780194676	0.769197640780195	-16.8960317827301	-0.479983380111086	-2.53417910100829	-16.8960317827301	-2.77494715445989	-16.8960317827301	-4.04851262023378	-16.8960317827301	-4.32386627679118	-16.8960317827301	-1.305545416175	-2.09466150381026	-0.08375703146503	-16.8960317827301	-16.8960317827301	0.689785929862676	-16.8960317827301	-6.96295704416017	-0.101399542840475	-1.98413050621595	-3.53580503302459	3.28640137999486	-16.8960317827301	-16.8960317827301	1.48177066740804	-16.8960317827301
0	0	21.9213074184133	0	0	0	20.912373355536	19.8416613714135	20.8603695846769	21.9752294235103	22.2902332667373	22.346048402619	0	0	21.8910846282702	0	0	0	24.8321655059389	0	21.0204863665551	0	0	0	0	24.5458177125928	0	22.48307473857	22.0446322398896	19.8919012765142	22.0802267497055	19.392433162725	0	0	0	0
0	-14.6160317827301	-14.0647243643168	7.7294615922757	3.73086014596279	2.35709314156597	3.25634157280585	-14.6160317827301	-14.6160317827301	-14.6160317827301	4.73420148400719	4.48001661988891	-14.6160317827301	-14.6160317827301	2.6050528455401	-14.6160317827301	3.49148737976621	-14.6160317827301	7.30613372320882	-14.6160317827301	3.11445458382499	-14.6160317827301	-14.6160317827301	-14.6160317827301	-14.6160317827301	6.77978592986267	0.898164752670993	5.96704295583982	5.49860045715952	-7.86413050621596	4.7141949669754	4.66640137999485	-14.6160317827301	-14.6160317827301	-14.6160317827301	-14.6160317827301
0	-0.87603178273012	-0.324724364316769	4.8894615922757	-0.87603178273012	3.09709314156597	2.21634157280585	-0.87603178273012	-0.87603178273012	-0.87603178273012	1.60420148400719	0.43001661988891	-0.87603178273012	-0.87603178273012	-0.574947154459895	-0.87603178273012	-0.87603178273012	-0.87603178273012	3.05613372320882	-0.87603178273012	-0.87603178273012	-0.87603178273012	-0.87603178273012	-0.87603178273012	-0.87603178273012	-0.87603178273012	3.28816475267099	-0.87603178273012	-0.551399542840478	-0.87603178273012	-0.87603178273012	4.03640137999486	-0.87603178273012	-0.87603178273012	-0.87603178273012	-0.87603178273012
0	0	0.551307418413352	1.30549337500582	0	2.98312492429609	0	0	0	0.765229423510306	0	1.50604840261903	0	0	0	0	0	0	0	0	0	0	0	0	0	0	-0.0458034645988867	0	0	0	0	2.33243316272498	0	0	0	0
0	0	0.551307418413352	9.10549337500583	0	8.21312492429608	7.70237335553598	0	4.50036958467687	0	0	9.45604840261903	0	0	1.14108462827023	0	0	0	2.68216550593894	0	5.22048636655511	6.82137027891985	0	0	0	0	0	4.11307473856995	4.65463223988964	0	0	3.52243316272498	0	0	0	0
0	-13.7560317827301	-13.2047243643168	2.62946159227571	-13.7560317827301	-13.7560317827301	2.64634157280586	0.755629588683398	-1.35566219805324	-2.6608023592198	-13.7560317827301	-13.7560317827301	-13.7560317827301	-13.7560317827301	-1.05494715445989	-13.7560317827301	-13.7560317827301	-13.7560317827301	1.18613372320883	-13.7560317827301	-1.185545416175	-13.7560317827301	-13.7560317827301	-13.7560317827301	-13.7560317827301	-13.7560317827301	2.908164752671	-13.7560317827301	-0.791399542840473	-13.7560317827301	-2.4558050330246	5.09640137999486	-13.7560317827301	-13.7560317827301	-13.7560317827301	-13.7560317827301
0	0	0.551307418413352	0	0	0	11.092373355536	0	8.71036958467687	0	11.4402332667373	7.88604840261903	0	0	6.51108462827023	0	0	0	12.6321655059389	0	8.03048636655511	0	0	0	0	0	13.6941965354011	0	8.86463223988964	0	2.63022674970552	0	0	0	0	0
0	0	0.551307418413352	17.0154933750058	0	0	15.252373355536	0	0	0	15.7202332667373	14.116048402619	0	0	14.4510846282702	2.8775942180511	0	0	13.6721655059389	0	9.25048636655511	0	0	0	0	0	17.5741965354011	0	14.8946322398896	0	12.3502267497055	0	0	0	0	0
0	0	0.551307418413352	0	0	0	17.382373355536	0	0	0	0	12.616048402619	0	0	0	0	0	0	15.1921655059389	0	9.74048636655511	0	0	0	0	0	0	14.4930747385699	15.2646322398896	0	11.8802267497055	10.352433162725	0	0	15.0878024501382	0
0	2.67875455592044	16.8652756356832	11.9394615922757	6.19086014596279	-8.98603178273012	11.7163415728059	-8.2743704113166	9.40433780194675	9.03919764078019	-8.98603178273012	11.7900166198889	-8.98603178273012	6.81196718573444	10.6850528455401	-8.98603178273012	11.8614873797662	16.1220042787696	13.3461337232088	9.55525534381711	13.344454583825	13.4453384961897	0.34624296853497	13.0435522830224	8.98225602389142	-8.98603178273012	-2.621835247329	7.58704295583983	6.83860045715952	9.37586949378404	11.5041949669754	12.4164013799949	-3.13229161742509	-5.39347149329556	-8.98603178273012	-8.98603178273012
0	0	0.551307418413352	11.2954933750058	0	10.3431249242961	12.802373355536	0	6.17036958467687	12.4252294235103	0	10.116048402619	0	0	8.37108462827022	0	0	0	2.73216550593894	0	9.24048636655511	0	0	0	0	11.3458177125928	0	0	9.94463223988964	0	10.4002267497055	10.882433162725	0	0	0	0
0	0	0.551307418413352	23.1054933750058	20.4568919286929	20.5631249242961	22.782373355536	19.2216613714135	21.2903695846769	0	2.18023326673731	21.936048402619	0	11.8479989684646	21.4710846282702	0	0	25.2380360614997	23.2721655059389	18.8112871265472	23.1604863665551	21.8413702789199	0	0	0	21.1658177125928	0	0	22.6046322398896	0	22.2002267497055	21.302433162725	0	0	0	0
0	0	0.551307418413352	0	19.4668919286929	20.1731249242961	22.342373355536	0	0	0	22.6202332667373	20.896048402619	0	0	20.7010846282702	0	0	23.7980360614997	20.9821655059389	15.9412871265472	22.7004863665551	20.0013702789199	22.1622747512651	5.66958406575253	0	20.5658177125928	0	18.7130747385699	21.3046322398896	0	21.5802267497055	21.262433162725	0	2.84256028943456	2.42780245013816	0
0	-21.8060317827301	7.34527563568323	3.94946159227571	-21.8060317827301	0.727093141565962	0.896341572805852	-1.6743704113166	-0.245662198053246	-2.10080235921981	3.46420148400719	0.960016619888911	-21.8060317827301	2.92196718573444	-0.714947154459892	-10.868437564679	2.22148737976621	8.15200427876962	3.96613372320882	0.915255343817112	1.67445458382499	4.13533849618973	3.37624296853497	3.39355228302241	-21.8060317827301	-1.29021407013733	-21.8060317827301	-2.39295704416017	0.148600457159521	-1.73413050621596	0.3841949669754	-1.02359862000515	-21.8060317827301	-21.8060317827301	-21.8060317827301	-21.8060317827301
0	0	0.551307418413352	0	0	1.92312492429608	6.07237335553597	0	4.56036958467687	4.6252294235103	0	5.29604840261903	0	0	0	0	0	0	5.40216550593895	0	7.41048636655512	0	0	0	0	0	6.45419653540111	0	9.32463223988964	0	6.98022674970552	6.37243316272498	0	0	0	0
0	-21.7560317827301	-21.2047243643168	1.38946159227571	-21.7560317827301	-0.472906858434037	1.42634157280585	-0.814370411316606	-21.7560317827301	0.0291976407801897	-21.7560317827301	0.140016619888911	-21.7560317827301	-21.7560317827301	-0.944947154459896	-21.7560317827301	-21.7560317827301	-21.7560317827301	0.346133723208823	-15.9047446561829	1.894454583825	-21.7560317827301	-21.7560317827301	-21.7560317827301	-21.7560317827301	1.02978592986267	-21.7560317827301	-21.7560317827301	0.43860045715952	-21.7560317827301	1.0841949669754	-0.683598620005146	-21.7560317827301	-21.7560317827301	-21.7560317827301	-21.7560317827301
0	0	0.551307418413352	19.6054933750058	0	18.3931249242961	20.292373355536	0	18.0003695846769	18.9952294235103	0	15.566048402619	0	0	13.6810846282702	0	0	0	16.0721655059389	0	18.1704863665551	0	0	0	0	15.4858177125928	0	14.44307473857	19.1146322398896	0	16.5202267497055	19.212433162725	0	0	0	0
0	-1.40124544407956	-19.8447243643168	3.66946159227571	-20.3960317827301	-20.3960317827301	1.13634157280586	-13.8643704113166	-20.3960317827301	-0.480802359219805	2.9442014840072	2.42001661988891	-10.5841791010083	-20.3960317827301	-0.0249471544598912	-9.59843756467901	-20.3960317827301	5.56200427876962	1.58613372320883	-1.37474465618288	3.094454583825	1.63533849618974	-12.073757031465	2.51355228302241	0.132256023891422	1.63978592986267	-14.201835247329	-0.622957044160167	1.49860045715952	-20.3960317827301	0.554194966975402	0.766401379994861	-20.3960317827301	-9.37347149329556	-20.3960317827301	-9.00177151326851
0	0	0.551307418413352	0	0	5.06312492429608	1.21237335553597	0	4.50036958467687	6.75522942351031	0	0	0	0	0	0	0	0	1.08216550593895	0	4.60048636655511	0	0	0	0	0	0	0	1.53463223988964	3.88190127651416	0	6.91243316272498	0	0	0	0
0	13.8247863386506	0.551307418413352	4.63549337500583	0	0	22.042373355536	3.74166137141352	19.9703695846769	20.8752294235103	0	20.286048402619	-0.0981473182781762	0	21.0910846282702	0	0	23.2080360614997	20.3921655059389	15.9012871265472	23.4104863665551	2.30137027891985	0	0	5.84828780662154	19.9658177125928	22.4341965354011	18.73307473857	16.4946322398896	2.28190127651416	22.1902267497055	20.322433162725	0	0	0	0
0	-1.69124544407956	15.3352756356832	12.0794615922757	10.1708601459628	10.087093141566	13.0263415728059	-0.244370411316602	10.2743378019468	8.23919764078019	12.5942014840072	11.6700166198889	-3.2241791010083	-5.67803281426556	8.15505284554011	-4.27843756467901	-2.05851262023379	11.9520042787696	11.3861337232088	5.98525534381712	12.604454583825	11.3753384961897	0.206242968534969	-1.42644771697759	0.362256023891426	-10.6760317827301	-2.951835247329	-10.6760317827301	12.2586004571595	2.39586949378404	12.5341949669754	10.6564013799949	7.69770838257492	-3.70347149329556	-5.00822933259196	-6.77177151326851
0	0	0.551307418413352	13.0354933750058	0	0	17.412373355536	0	0	14.0552294235103	0	13.206048402619	0	0	14.8210846282702	0	0	0	12.1921655059389	0	14.5404863665551	0	0	0	0	14.7758177125928	0	0	15.7846322398896	0	12.2702267497055	15.742433162725	0	0	0	0
0	-14.4960317827301	11.3952756356832	7.66946159227571	4.72086014596279	5.11709314156597	7.32634157280586	-14.4960317827301	5.80433780194676	5.03919764078019	8.6242014840072	6.69001661988892	-14.4960317827301	-14.4960317827301	4.02505284554011	-14.4960317827301	-1.71851262023378	11.1320042787696	7.48613372320883	3.16525534381712	6.914454583825	7.59533849618974	7.34624296853497	3.42355228302241	-14.4960317827301	-14.4960317827301	-14.4960317827301	-14.4960317827301	7.38860045715952	4.84586949378404	6.2141949669754	4.82640137999486	-14.4960317827301	-14.4960317827301	-14.4960317827301	-14.4960317827301
0	0	0.551307418413352	23.1454933750058	21.3368919286929	21.7731249242961	24.092373355536	19.8016613714135	18.6803695846769	19.5452294235103	0	18.766048402619	0	0	19.8310846282702	0	0	0	21.5921655059389	0	20.7904863665551	0	0	0	0	23.0658177125928	22.4541965354011	0	22.8546322398896	0	21.4902267497055	23.352433162725	0	0	0	0
0	-1.89124544407955	-6.40472436431677	4.55946159227571	-2.4391398540372	0.837093141565969	2.19634157280586	-3.9743704113166	1.93433780194676	-3.75080235921981	0.684201484007197	1.66001661988891	-4.66417910100829	-1.98803281426556	0.955052845540109	-3.61843756467902	-3.95851262023379	5.74200427876962	1.59613372320883	-0.314744656182881	2.594454583825	2.44533849618974	3.21624296853497	-5.70644771697759	-4.03774397610857	1.30978592986267	-1.611835247329	-5.60295704416017	1.98860045715952	-2.91413050621595	1.55419496697541	0.366401379994862	-4.86229161742509	-3.91347149329556	-4.99822933259195	-4.03177151326851
0	0	0.551307418413352	15.1854933750058	0	0	20.732373355536	0	15.3903695846769	19.7352294235103	0	17.546048402619	0	0	17.1510846282702	0	0	0	18.2921655059389	0	18.3304863665551	0	0	0	0	0	0	0	19.3946322398896	0	16.3302267497055	20.792433162725	15.363740165305	0	17.4078024501382	0
0	-14.8512454440796	6.29527563568323	3.33946159227571	-17.0591398540372	2.20709314156596	2.40634157280585	-1.81437041131661	0.544337801946757	0.34919764078019	1.05420148400719	2.62001661988891	-0.684179101008301	-19.1080328142656	-0.544947154459891	-13.718437564679	0.211487379766211	5.53200427876962	2.42613372320882	-1.64474465618289	3.054454583825	2.00533849618973	2.96624296853497	-19.4964477169776	-9.84774397610858	2.94978592986267	-0.741835247329004	0.397042955839826	3.07860045715952	0.23586949378404	0.984194966975402	1.10640137999485	-3.00229161742509	-12.6534714932956	-14.608229332592	-4.72177151326851
0	-10.6360317827301	-10.0847243643168	15.1494615922757	-10.6360317827301	15.457093141566	14.9063415728059	11.8256295886834	13.6043378019468	13.0591976407802	-10.6360317827301	13.8800166198889	-10.6360317827301	-10.6360317827301	12.1050528455401	-10.668437564679	11.4214873797662	-10.6360317827301	13.6361337232088	-10.6360317827301	12.764454583825	-5.73466150381026	-10.6360317827301	-10.6360317827301	-10.6360317827301	14.8797859298627	-10.6360317827301	12.7570429558398	15.2786004571595	-10.6360317827301	11.9741949669754	13.6364013799949	11.0277083825749	-10.6360317827301	-4.30822933259196	-6.96177151326851
0	-1.58124544407956	2.02527563568323	2.60946159227571	-1.08913985403721	-0.842906858434038	1.05634157280585	-0.884370411316606	-1.43566219805324	-0.0708023592198117	1.66420148400719	1.93001661988891	-0.724179101008296	0.051967185734437	-0.644947154459896	-0.0584375646790178	-0.108512620233789	2.10200427876962	1.14613372320882	-0.954744656182886	2.16445458382499	-0.494661503810267	1.39624296853497	2.70355228302241	-1.71774397610858	1.12978592986267	-0.291835247329004	-1.47295704416018	1.41860045715952	0.59586949378404	0.844194966975401	0.596401379994855	-2.68229161742509	-2.95347149329556	-1.07822933259196	-0.111771513268511
0	1.16875455592044	-1.23472436431677	3.32946159227571	2.52086014596279	5.54709314156597	5.25634157280585	2.82562958868339	2.76433780194676	3.53919764078019	3.57420148400719	3.72001661988891	0.425820898991702	-4.86803281426556	2.84505284554011	-0.418437564679021	0.231487379766211	3.54200427876962	4.68613372320882	-0.974744656182885	2.52445458382499	1.70533849618973	3.35624296853497	-2.91644771697759	1.54225602389142	5.25978592986267	4.42816475267099	3.94704295583983	5.24860045715952	2.17586949378404	2.8041949669754	3.67640137999486	1.29770838257491	1.82652850670444	1.96177066740804	3.25822848673149
0	0.298754555920436	-2.27472436431677	-1.12053840772429	1.87086014596279	2.44709314156596	1.44634157280585	-0.714370411316608	2.47433780194675	-0.92080235921981	-18.4060317827301	-7.14998338011109	-9.4241791010083	-1.01803281426556	0.335052845540101	-0.838437564679023	4.04148737976621	11.3320042787696	7.16613372320882	3.56525534381711	4.78445458382499	7.59533849618973	5.41624296853497	7.5035522830224	2.65225602389142	1.56978592986267	4.03816475267099	-7.81295704416017	-12.4313995428405	3.53586949378403	2.4241949669754	0.216401379994856	-0.232291617425091	-2.49347149329556	-7.72822933259196	-9.15177151326851
0	0.0687545559204388	-12.0947243643168	5.18946159227571	0.180860145962793	4.10709314156597	2.31634157280586	-3.4943704113166	-6.71566219805324	3.90919764078019	5.55420148400719	-0.74998338011109	-5.9041791010083	0.82196718573444	3.62505284554011	-4.89843756467902	-0.0585126202337882	9.47200427876962	6.66613372320883	2.10525534381712	6.464454583825	5.98533849618974	3.53624296853497	-10.6564477169776	-3.58774397610858	4.33978592986267	3.288164752671	-0.802957044160173	6.04860045715952	2.15586949378404	5.6141949669754	5.18640137999486	0.887708382574914	-6.24347149329556	-8.21822933259196	-7.91177151326851
0	0.0687545559204388	-2.53472436431677	3.22946159227571	0.0508601459627904	5.27709314156597	3.02634157280585	3.8256295886834	-2.64566219805324	4.10919764078019	-3.58579851599281	3.53001661988891	1.1558208989917	-5.02803281426556	3.01505284554011	-0.408437564679016	5.61148737976621	8.76200427876962	6.71613372320882	2.84525534381712	7.744454583825	5.65533849618973	4.80624296853497	-2.49644771697759	0.722256023891418	5.48978592986267	0.00816475267100003	2.89704295583983	6.58860045715952	1.49586949378404	6.6241949669754	6.16640137999486	-0.912291617425083	-3.94347149329557	-1.93822933259196	-1.50177151326851
0	0	0.551307418413352	5.81549337500583	0	9.58312492429609	0	10.9816613714135	11.2903695846769	8.11522942351031	0	10.176048402619	0	0	7.55108462827022	0	0	0	9.75216550593894	0	8.49048636655511	0	4.92227475126509	0	0	12.4058177125928	0	0	10.2246322398896	0	7.29022674970552	11.002433162725	7.35374016530503	0	0	0
0	0	0.551307418413352	9.95549337500582	0	14.1231249242961	0	0	8.30036958467688	9.99522942351031	11.7402332667373	13.576048402619	0	0	12.1510846282702	17.2675942180511	0	0	9.68216550593894	0	13.2204863665551	0	13.2022747512651	0	0	11.9258177125928	14.2341965354011	7.76307473856994	12.9746322398896	0	10.0702267497055	11.512433162725	0	0	0	0
0	0	0.551307418413352	0	0	22.9231249242961	0	21.2416613714135	21.1103695846769	22.5452294235103	25.2802332667373	24.006048402619	0	0	22.2510846282702	0	3.77751916249633	27.2980360614997	24.6521655059389	20.3212871265472	24.3404863665551	24.2213702789199	22.6822747512651	0	0	23.7058177125928	0	20.0430747385699	23.3646322398896	0	23.3302267497055	21.542433162725	18.443740165305	11.3025602894346	0	2.15426026946161
0	-10.8060317827301	-10.2547243643168	7.3894615922757	-10.8060317827301	-10.8060317827301	5.29634157280585	7.8756295886834	3.13433780194676	5.25919764078019	7.79420148400719	8.17001661988891	-10.8060317827301	-10.8060317827301	-2.2149471544599	-10.8060317827301	-10.8060317827301	-10.8060317827301	8.09613372320883	-10.8060317827301	4.86445458382499	2.56533849618974	-10.8060317827301	-10.8060317827301	-10.8060317827301	5.04978592986267	5.378164752671	8.60704295583983	3.79860045715952	-10.8060317827301	7.0441949669754	-10.8060317827301	-10.8060317827301	-10.8060317827301	-10.8060317827301	-10.8060317827301
0	0	0.551307418413352	15.1454933750058	0	21.2031249242961	0	18.6316613714135	16.7803695846769	17.4352294235103	13.8402332667373	17.586048402619	10.4318526817218	0	14.7810846282702	0	13.6975191624963	0	16.6321655059389	0	15.1604863665551	17.8913702789199	0	0	0	15.7758177125928	20.8041965354011	17.9730747385699	18.1246322398896	0	18.3302267497055	0	0	0	0	0
0	0	0.551307418413352	21.1854933750058	16.9768919286929	16.2031249242961	15.472373355536	20.2016613714135	19.0803695846769	17.7052294235103	17.3202332667373	19.356048402619	0	0	15.8210846282702	0	0	0	15.6621655059389	0	15.1704863665551	13.3713702789199	0	0	0	17.3458177125928	2.83419653540112	17.0130747385699	19.4146322398896	16.0619012765142	16.5002267497055	18.572433162725	11.943740165305	0	0	0
0	-20.7360317827301	-5.82472436431677	2.91946159227571	-20.7360317827301	0.857093141565965	-20.7360317827301	-0.664370411316604	0.114337801946753	1.69919764078019	2.38420148400719	2.45001661988891	-20.7360317827301	-20.7360317827301	1.39505284554011	-20.7360317827301	0.991487379766209	6.90200427876962	3.38613372320883	-0.794744656182885	3.34445458382499	2.94533849618973	2.94624296853497	4.3435522830224	-20.7360317827301	1.51978592986267	-20.7360317827301	-0.96295704416017	2.65860045715952	0.955869493784036	2.4441949669754	1.27640137999486	-2.96229161742509	-20.7360317827301	-20.7360317827301	-20.7360317827301
0	0	0.551307418413352	0	18.0968919286929	10.3731249242961	0	0	10.1303695846769	0	0	12.916048402619	0	0	12.6110846282702	0	0	0	9.64216550593894	0	8.55048636655512	0	0	0	0	11.8458177125928	0	6.08307473856994	10.3546322398896	0	9.45022674970552	5.26243316272498	0	0	0	0
0	-10.7712454440796	3.35527563568323	1.22946159227571	-0.999139854037207	0.387093141565966	-3.03365842719415	-0.114370411316607	-2.66566219805325	-0.480802359219812	1.85420148400719	1.14001661988891	-0.784179101008299	-2.45803281426556	0.345052845540106	-12.978437564679	-18.4385126202338	-2.80799572123038	2.48613372320882	-9.62474465618289	2.70445458382499	-1.19466150381027	2.28624296853497	2.3835522830224	-18.1477439761086	1.15978592986267	-1.231835247329	0.427042955839831	2.51860045715952	-2.39413050621596	1.4741949669754	1.47640137999485	-3.28229161742509	-17.3234714932956	-9.35822933259196	-13.5617715132685
0	0	0.551307418413352	5.00549337500583	0	19.8831249242961	17.052373355536	19.9716613714135	19.3003695846769	21.5752294235103	9.40023326673731	20.356048402619	0	0	21.7510846282702	0	20.7675191624963	12.9680360614997	23.4521655059389	0.611287126547232	23.9904863665551	20.9113702789199	0	0	0	16.8758177125928	0	18.5730747385699	14.8546322398896	21.6219012765142	22.8402267497055	22.342433162725	0	0	0	0
0	0.748754555920442	6.93527563568323	3.49946159227571	0.710860145962791	0.56709314156597	-0.633658427194149	-0.0243704113166032	0.334337801946756	0.0291976407801897	3.38420148400719	1.25001661988891	0.945820898991702	4.89196718573444	-0.644947154459892	0.111562435320984	2.20148737976621	6.75200427876963	3.10613372320882	-0.144744656182883	1.304454583825	3.59533849618974	2.95624296853497	4.43355228302241	0.572256023891423	-0.390214070137326	1.318164752671	-1.29295704416017	0.68860045715952	1.93586949378404	0.924194966975403	-0.243598620005141	-2.53229161742508	-0.963471493295565	-0.318229332591958	-0.74177151326851
0	0	0.551307418413352	0	0	17.1731249242961	0	0	10.9603695846769	13.9052294235103	0	16.286048402619	2.42185268172182	4.54799896846456	15.4810846282702	0	0	0	14.9921655059389	0	12.6704863665551	0	0	0	7.03828780662154	15.6958177125928	13.6041965354011	15.3530747385699	16.9046322398896	0	14.3502267497055	14.222433162725	5.97374016530503	0	0	0
0	1.29875455592044	7.68527563568324	6.38946159227571	-0.00913985403720474	-0.31290685843403	-1.67365842719414	3.3456295886834	4.95433780194676	6.53919764078019	7.7642014840072	7.96001661988891	1.12582089899171	-2.32803281426556	6.47505284554011	1.55156243532099	-1.51851262023379	9.65200427876963	7.80613372320883	4.48525534381712	7.774454583825	6.04533849618974	3.16624296853497	4.50355228302241	-1.50774397610858	6.70978592986267	-1.551835247329	5.18704295583983	7.89860045715952	2.72586949378404	6.4641949669754	6.47640137999486	-1.13229161742508	-0.923471493295562	4.22177066740804	-0.681771513268512
0	-1.35603178273012	-0.804724364316765	4.73946159227571	3.04086014596279	0.507093141565971	-1.35603178273012	2.4956295886834	6.83433780194676	6.04919764078019	3.60420148400719	8.22001661988892	-1.35603178273012	-1.35603178273012	5.40505284554011	-1.35603178273012	0.611487379766213	-1.35603178273012	5.33613372320883	-1.35603178273012	7.224454583825	-1.35603178273012	-0.473757031465031	-1.35603178273012	-1.35603178273012	-1.35603178273012	7.848164752671	7.11704295583983	10.0386004571595	-1.35603178273012	4.03419496697541	6.17640137999486	3.75770838257492	-1.35603178273012	-1.35603178273012	-1.35603178273012
0	-5.34603178273012	19.4152756356832	20.5994615922757	15.2908601459628	-4.09290685843403	-5.34603178273012	15.2856295886834	-5.34603178273012	17.5491976407802	16.1342014840072	18.6400166198889	-4.8941791010083	-3.47803281426556	16.9150528455401	-5.34603178273012	17.0414873797662	19.0420042787696	18.5561337232088	13.2652553438171	18.194454583825	16.6553384961897	17.486242968535	18.6435522830224	-5.34603178273012	18.9397859298627	-5.34603178273012	13.4270429558398	18.4586004571595	13.895869493784	18.2941949669754	17.7964013799949	13.9177083825749	-5.34603178273012	-5.34603178273012	-5.34603178273012
0	-12.2112454440796	-20.0147243643168	2.18946159227571	-20.5660317827301	2.86709314156597	-0.963658427194144	0.685629588683398	0.614337801946753	2.18919764078019	3.10420148400719	3.22001661988891	-20.5660317827301	-20.5660317827301	1.08505284554011	-20.5660317827301	-20.5660317827301	-1.75799572123038	3.03613372320882	-4.10474465618288	3.934454583825	0.225338496189739	-20.5660317827301	-20.5660317827301	-20.5660317827301	3.78978592986267	-20.5660317827301	-0.402957044160168	4.42860045715952	1.08586949378404	3.5241949669754	1.78640137999486	-20.5660317827301	-20.5660317827301	-20.5660317827301	-20.5660317827301
0	0	0.551307418413352	0	0	0	0	0	0	0	0	2.54604840261903	0	0	3.51108462827023	0	0	0	0	0	0	0	0	0	0	0	0	0	2.29463223988964	0	1.92022674970552	0	0	0	0	0
0	-2.43124544407956	6.83527563568323	3.15946159227571	-4.05913985403721	-0.00290685843403438	-5.27365842719415	-13.1343704113166	1.24433780194676	-9.14080235921981	2.81420148400719	-4.44998338011109	-16.5141791010083	3.27196718573444	-3.35494715445989	-1.91843756467902	2.65148737976621	7.70200427876962	3.50613372320882	0.365255343817115	2.784454583825	4.24533849618973	2.91624296853497	5.34355228302241	-7.52774397610858	-1.78021407013733	-14.571835247329	-2.11295704416017	-5.29139954284048	-0.364130506215961	-2.44580503302459	-7.05359862000514	-15.0722916174251	-16.3734714932956	-9.39822933259196	-4.58177151326851
0	0	0.551307418413352	0	0	14.9031249242961	2.36237335553597	0	13.7803695846769	0	0	7.99604840261903	0	0	0	3.0575942180511	0	0	0	0	12.0804863665551	0	0	0	0	2.56581771259279	0	0	0	9.44190127651416	1.83022674970552	3.78243316272497	0	0	18.1478024501382	2.74426026946161
0	-11.7012454440796	-6.61472436431677	-15.0805384077243	-8.82913985403721	2.85709314156597	-1.38365842719415	-0.0543704113166044	1.22433780194675	4.21919764078019	-9.17579851599281	-0.829983380111088	-18.6560317827301	-4.40803281426556	3.5550528455401	-18.6560317827301	2.11148737976621	8.46200427876962	5.53613372320882	0.49525534381711	6.42445458382499	4.95533849618973	-9.91375703146503	-18.6560317827301	-4.60774397610858	-2.36021407013733	-1.39183524732901	-5.08295704416017	-2.88139954284048	1.88586949378404	2.4941949669754	3.52640137999485	-7.00229161742509	-9.17347149329556	-2.15822933259196	-17.6017715132685
0	6.23875455592045	-1.93472436431676	13.8594615922757	-0.469139854037206	10.867093141566	9.67634157280586	12.6956295886834	14.2743378019468	10.1891976407802	13.7142014840072	9.60001661988891	9.33582089899171	-3.83803281426556	12.6050528455401	5.02156243532098	16.1514873797662	20.6520042787696	18.5961337232088	13.5752553438171	13.514454583825	17.3953384961897	14.956242968535	0.31355228302241	0.812256023891422	14.4997859298627	10.028164752671	13.7270429558398	13.1486004571595	18.295869493784	16.5541949669754	10.4664013799949	3.90770838257492	9.95652850670444	1.27177066740804	3.55822848673149
0	0	0.551307418413352	23.8054933750058	14.5768919286929	21.1231249242961	0.362373355535972	20.9116613714135	2.21036958467687	21.9952294235103	23.2002332667373	24.736048402619	0	0	20.4010846282702	0	0	25.0080360614997	22.0721655059389	18.0312871265472	24.6504863665551	22.7213702789199	0	0	0	0	0	0	23.3046322398896	0	21.3102267497055	22.952433162725	18.363740165305	0	0	0
0	-8.03124544407956	6.44527563568323	1.61946159227571	-0.00913985403720474	2.43709314156597	-1.46365842719414	-15.9743704113166	-0.405662198053243	2.10919764078019	1.6542014840072	3.81001661988891	-18.2741791010083	4.13196718573444	0.765052845540108	-21.4160317827301	2.29148737976621	7.80200427876962	4.38613372320883	0.325255343817116	3.90445458382499	4.14533849618973	3.83624296853497	4.72355228302241	-10.8277439761086	-1.60021407013733	-18.251835247329	-0.71295704416017	1.70860045715952	-5.84413050621596	0.564194966975403	2.11640137999485	-2.84229161742509	-21.4160317827301	-21.4160317827301	-21.4160317827301
0	-1.44124544407956	8.01527563568323	4.09946159227571	-1.2591398540372	-2.66290685843403	-2.32365842719414	-2.2343704113166	-2.78566219805325	-12.8808023592198	3.14420148400719	-1.82998338011109	-5.2041791010083	1.77196718573444	-1.00494715445989	-7.91843756467902	0.301487379766211	8.07200427876962	4.39613372320882	1.11525534381711	1.93445458382499	4.95533849618974	2.97624296853497	3.64355228302241	-1.74774397610858	-1.55021407013733	-11.081835247329	-10.4329570441602	-2.25139954284048	-0.864130506215957	0.484194966975402	0.396401379994856	-7.18229161742509	-10.2934714932956	-13.518229332592	-12.0417715132685
0	0	0.551307418413352	0	0	0	0	14.8916613714135	14.5703695846769	0	0	15.886048402619	0	0	11.7210846282702	0	0	0	11.8821655059389	0	11.7004863665551	0	0	0	0	11.2558177125928	16.6541965354011	0	13.1846322398896	0	7.65022674970552	9.08243316272498	0	0	0	0
0	4.14875455592044	3.46527563568323	3.3594615922757	-2.04913985403721	-2.09290685843404	6.14634157280586	12.0956295886834	0.804337801946751	1.07919764078019	4.6942014840072	13.4300166198889	-5.0041791010083	-8.55603178273012	3.65505284554011	1.83156243532098	1.94148737976621	17.3320042787696	15.3461337232088	12.0052553438171	14.934454583825	14.6553384961897	0.606242968534968	16.1535522830224	6.18225602389142	10.3797859298627	6.338164752671	8.89704295583983	10.9186004571595	2.74586949378404	13.1541949669754	14.0764013799949	-2.17229161742509	-6.00347149329556	2.50177066740804	0.408228486731485
0	1.89875455592044	-20.1847243643168	0.139461592275705	-17.3391398540372	-16.452906858434	-20.7360317827301	-14.2043704113166	-20.7360317827301	-18.7508023592198	-13.2757985159928	-7.52998338011109	-20.7360317827301	-20.7360317827301	-3.97494715445989	-20.7360317827301	2.98148737976621	9.30200427876962	5.29613372320883	1.92525534381711	2.644454583825	5.03533849618973	4.54624296853497	-20.7360317827301	-14.2877439761086	-9.80021407013733	-10.341835247329	-9.11295704416017	-13.8013995428405	0.925869493784042	0.154194966975403	-11.1135986200051	-14.9922916174251	-20.7360317827301	-11.798229332592	-20.7360317827301
0	-20.9060317827301	5.04527563568323	-12.8805384077243	-12.5891398540372	0.947093141565961	-20.9060317827301	-9.1643704113166	-0.185662198053244	-9.28080235921982	1.98420148400719	0.190016619888908	-20.9060317827301	-20.9060317827301	-2.8149471544599	-18.278437564679	2.93148737976621	7.98200427876962	3.79613372320882	0.685255343817111	2.40445458382499	4.58533849618973	-8.31375703146503	-20.9060317827301	-20.9060317827301	-1.20021407013733	-20.9060317827301	-18.2829570441602	-11.0813995428405	0.595869493784036	-0.515805033024598	-8.58359862000515	-10.2122916174251	-16.8434714932956	-20.9060317827301	-20.9060317827301
0	0	0.551307418413352	0	0	0	0	0	0	0	0	0	0	0	0	0	0	4.91803606149974	0	0	2.75048636655511	0	0	0	0	0	0	0	0	0	0	0	6.06374016530503	0.722560289434554	0	0
0	-18.3360317827301	9.44527563568323	3.29946159227571	-5.90913985403721	2.99709314156597	1.55634157280585	2.82562958868339	-18.3360317827301	2.81919764078019	4.15420148400719	5.56001661988891	-15.2341791010083	-18.3360317827301	1.31505284554011	-18.3360317827301	-18.3360317827301	8.82200427876962	5.29613372320882	1.43525534381711	5.88445458382499	5.73533849618973	3.85624296853497	5.3435522830224	-18.3360317827301	2.16978592986267	-18.3360317827301	0.96704295583983	2.97860045715952	1.40586949378404	1.8341949669754	3.98640137999485	-1.14229161742509	-18.3360317827301	-10.388229332592	-10.0917715132685
0	0	0.551307418413352	6.89549337500583	0	0	8.15237335553597	0	7.26036958467688	9.63522942351031	0	11.146048402619	0	0	9.46108462827023	0	0	0	8.06216550593894	0	6.01048636655512	0	4.98227475126509	0	0	7.63581771259279	0	3.36307473856995	5.25463223988964	0	4.27022674970552	5.42243316272497	0	0	0	0
0	-17.7012454440796	7.12527563568323	2.47946159227571	0.490860145962795	-18.982906858434	-13.2736584271941	-5.0343704113166	-1.11566219805324	-1.95080235921981	1.2542014840072	0.760016619888912	-11.6141791010083	-0.0980328142655615	-0.354947154459893	-16.008437564679	1.95148737976621	7.23200427876962	2.72613372320883	0.175255343817117	2.744454583825	4.04533849618974	2.72624296853497	3.45355228302241	-15.4477439761086	-0.980214070137325	0.118164752670999	-21.5660317827301	-0.131399542840477	-1.59413050621596	-0.255805033024593	1.54640137999485	-12.0122916174251	-14.9434714932956	-16.478229332592	-13.4117715132685
0	0	0.551307418413352	0.775493375005823	0	2.30312492429609	0	0	0	0.475229423510307	0	6.26604840261903	0	0	0	0	0	0	5.37216550593894	0	4.20048636655511	0	0	0	0	0	0	-0.286925261430053	1.62463223988964	0	0	6.11243316272497	-0.116259834694969	0	1.37780245013816	0
0	1.60478633865056	0.551307418413352	19.1054933750058	0	21.3231249242961	3.33237335553597	19.9016613714135	0	21.4652294235103	0.430233266737314	21.406048402619	0	0	19.5210846282702	0	21.9475191624963	24.2380360614997	20.8021655059389	15.8112871265472	23.1304863665551	10.2713702789199	0	0	9.09828780662154	19.6358177125928	6.30419653540111	0	17.9146322398896	20.9119012765142	20.0602267497055	20.962433162725	18.223740165305	0	0	0
0	-1.77124544407956	2.43527563568324	3.61946159227571	-20.3960317827301	-4.01290685843403	-4.09365842719415	-2.6043704113166	-0.495662198053239	-20.3960317827301	3.1042014840072	0.370016619888915	-20.3960317827301	2.67196718573444	1.83505284554011	-2.76843756467902	1.41148737976621	8.20200427876962	3.32613372320883	0.895255343817116	2.904454583825	4.85533849618974	3.14624296853497	3.90355228302241	-20.3960317827301	-1.06021407013732	-20.3960317827301	-20.3960317827301	-2.11139954284047	0.57586949378404	1.0541949669754	1.74640137999486	-20.3960317827301	-20.3960317827301	-20.3960317827301	-20.3960317827301
0	2.13875455592045	7.32527563568324	-18.1005384077243	2.3108601459628	0.22709314156597	-1.19365842719414	-0.0543704113165973	0.304337801946758	2.8391976407802	-10.1857985159928	-0.679983380111082	2.0958208989917	-18.6860317827301	1.92505284554011	-18.6860317827301	-2.16851262023379	5.63200427876962	4.01613372320883	-1.31474465618289	3.824454583825	2.81533849618974	2.76624296853497	2.20355228302241	-18.8977439761086	-0.500214070137321	2.088164752671	-10.7429570441602	-8.09139954284048	1.12586949378404	2.1841949669754	2.16640137999486	-1.83229161742508	0.236528506704442	-3.07822933259195	-18.6860317827301
0	-20.7460317827301	6.15527563568324	2.12946159227571	-0.0391398540372059	2.27709314156597	-0.903658427194149	0.665629588683395	0.754337801946754	3.05919764078019	1.69420148400719	4.64001661988891	-20.7460317827301	-20.7460317827301	1.85505284554011	-20.7460317827301	-20.7460317827301	5.17200427876962	3.05613372320883	-2.11474465618288	3.674454583825	1.23533849618974	-20.7460317827301	-20.7460317827301	-20.7460317827301	-0.0802140701373268	-20.7460317827301	-2.25295704416017	3.69860045715952	0.375869493784045	3.0641949669754	3.76640137999486	-20.7460317827301	-20.7460317827301	-20.7460317827301	-20.7460317827301
0	-2.10124544407956	5.66527563568323	2.89946159227571	-12.0491398540372	1.87709314156596	-0.603658427194148	-1.81437041131661	-0.945662198053245	2.19919764078019	2.84420148400719	3.87001661988891	-1.0941791010083	-11.4080328142656	2.14505284554011	-8.49843756467902	1.05148737976621	6.51200427876962	2.95613372320882	-1.12474465618289	3.72445458382499	3.08533849618973	2.44624296853497	1.81355228302241	-1.39774397610858	0.939785929862673	-0.351835247329003	-0.322957044160173	2.88860045715952	-0.564130506215964	1.2641949669754	2.13640137999485	-2.04229161742509	-16.8634714932956	-2.59822933259196	-10.3917715132685
0	0	0.551307418413352	0	0	0	0	0	0	0	0	1.79604840261903	0	0	0	0	0	0	0	0	0	0	0	0	0	0	0	0	0	0	0	0	0	0	0	0
0	0	0.551307418413352	17.2654933750058	0	19.2631249242961	0	15.8216613714135	15.5503695846769	16.7352294235103	18.3802332667373	18.766048402619	16.9318526817218	0	17.2910846282702	0	0	0	20.9521655059389	0	18.0504863665551	0	0	0	0	19.7658177125928	21.6341965354011	21.09307473857	20.4546322398896	0	14.3302267497055	13.312433162725	16.813740165305	0	0	0
0	0	0.551307418413352	22.3754933750058	0	22.4331249242961	14.412373355536	19.2516613714135	21.2203695846769	20.5352294235103	19.6802332667373	20.816048402619	0	0	20.4510846282702	0	0	0	23.8521655059389	0	20.2604863665551	0	0	0	0	23.9058177125928	21.3941965354011	20.0830747385699	22.8446322398896	18.0319012765142	20.4702267497055	21.812433162725	13.723740165305	0	0	0
0	0	0.551307418413352	12.0254933750058	0	12.4531249242961	3.06237335553597	10.1416613714135	8.38036958467687	11.7052294235103	9.24023326673731	9.33604840261903	0	0	7.75108462827023	0	4.02751916249633	0	10.9021655059389	0	6.33048636655512	0	0	0	0	8.41581771259279	12.5141965354011	8.42307473856995	7.53463223988964	0	6.98022674970552	9.26243316272498	0	3.54256028943455	7.42780245013816	0
0	-0.37603178273012	0.175275635683231	13.4094615922757	-0.37603178273012	-0.37603178273012	18.5963415728059	18.1356295886834	19.6243378019468	18.0391976407802	6.93420148400719	20.1900166198889	-0.37603178273012	15.5019671857344	17.4850528455401	-0.37603178273012	-0.37603178273012	24.2120042787696	20.9761337232088	15.4852553438171	22.844454583825	20.9953384961897	19.396242968535	-0.37603178273012	-0.37603178273012	17.8697859298627	-0.391835247329006	-0.37603178273012	18.7386004571595	18.875869493784	20.8441949669754	19.9864013799949	-0.37603178273012	-0.37603178273012	-0.37603178273012	-0.37603178273012
0	0	0.551307418413352	0	0	0	0	0	5.40036958467688	2.06522942351031	0	4.10604840261903	0	0	0.241084628270222	0	0	0	0	0	1.01048636655512	0	0	0	0	0	0	0	3.77463223988964	0	0	4.17243316272497	0	0	0	0
0	-2.36124544407956	6.70527563568323	1.43946159227571	-3.28913985403721	0.0370931415659648	-6.49365842719414	0.255629588683398	-4.82566219805324	-3.64080235921981	1.4042014840072	2.42001661988891	-2.17417910100829	-6.27803281426555	-0.74494715445989	-5.04843756467902	0.77148737976621	8.59200427876963	4.22613372320883	1.17525534381712	2.274454583825	5.31533849618974	2.97624296853497	2.33355228302241	-4.49774397610858	1.01978592986267	-1.521835247329	2.02704295583983	-0.281399542840475	-0.014130506215956	1.17419496697541	0.716401379994856	-5.95229161742508	-7.05347149329556	-9.99822933259195	-4.76177151326851
0	-4.46124544407956	-13.1147243643168	-11.6205384077243	2.5108601459628	1.41709314156597	-1.64365842719414	-14.8043704113166	4.35433780194676	-6.70080235921981	-6.58579851599281	3.63001661988891	-5.35417910100829	-17.8260317827301	2.54505284554011	-17.8260317827301	-17.8260317827301	-1.84799572123037	4.00613372320883	-1.16474465618288	6.184454583825	1.45533849618974	-17.8260317827301	-15.7364477169776	-9.66774397610858	0.799785929862676	2.728164752671	-12.5829570441602	2.06860045715953	-8.27413050621595	2.98419496697541	1.44640137999486	-13.3422916174251	-12.8734714932956	-12.738229332592	-12.7117715132685
0	-19.3360317827301	-18.7847243643168	-9.45053840772429	-18.1991398540372	-0.452906858434037	0.126341572805853	2.6256295886834	3.77433780194675	1.44919764078019	-19.3360317827301	2.81001661988891	0.725820898991699	-14.9080328142656	2.3150528455401	-16.728437564679	-19.6185126202338	7.56200427876962	3.42613372320882	0.265255343817113	5.73445458382499	3.74533849618973	-2.79375703146503	-19.3360317827301	-19.3360317827301	-3.49021407013733	2.168164752671	-2.18295704416018	-4.77139954284048	-0.0641305062159603	2.3141949669754	3.56640137999486	-0.832291617425092	-19.3360317827301	-19.3360317827301	-19.3360317827301
0	0	0.551307418413352	23.7854933750058	0	22.9431249242961	0	21.5616613714135	24.9403695846769	22.1652294235103	22.3902332667373	24.156048402619	0	0	18.8410846282702	0	0	24.0580360614997	22.7221655059389	18.5412871265472	25.3404863665551	20.6913702789199	21.6022747512651	0	0	19.5558177125928	0	19.1530747385699	22.2246322398896	0	22.5602267497055	22.422433162725	0	0	0	0
0	-1.32124544407955	-8.19472436431677	16.0094615922757	-2.12913985403721	15.057093141566	4.03634157280586	2.0856295886834	14.7443378019468	12.8291976407802	2.69420148400719	15.4400166198889	-3.3941791010083	-8.74603178273012	-5.26494715445989	3.09156243532098	-4.19851262023379	17.7220042787696	14.2861337232088	10.2452553438171	16.784454583825	13.7253384961897	1.56624296853497	-0.0564477169775941	0.192256023891424	12.3597859298627	-2.271835247329	-8.74603178273012	13.3186004571595	11.025869493784	13.2541949669754	13.0864013799949	10.3977083825749	-1.36347149329556	-7.11822933259196	4.94822848673149
0	0	0.551307418413352	15.6254933750058	18.3968919286929	13.9531249242961	0	16.8016613714135	20.6103695846769	14.2852294235103	15.0902332667373	17.546048402619	0	0	17.5810846282702	0	0	0	14.2721655059389	0	17.2104863665551	0	0	0	0	13.1658177125928	18.4841965354011	15.48307473857	16.9546322398896	0	15.3302267497055	19.252433162725	0	0	0	0
0	-6.82124544407956	7.31527563568323	4.26946159227571	-11.4891398540372	-8.77290685843404	1.93634157280585	1.13562958868339	-17.8660317827301	-8.92080235921982	-1.47579851599281	4.73001661988891	1.8558208989917	6.75196718573444	2.9950528455401	-11.428437564679	-0.148512620233792	8.99200427876962	5.18613372320882	1.91525534381711	6.68445458382499	5.14533849618973	1.64624296853497	6.04355228302241	-17.5377439761086	1.56978592986267	-1.581835247329	-17.8660317827301	2.93860045715952	-4.04413050621596	4.2941949669754	4.12640137999485	-10.8822916174251	-11.9734714932956	-12.738229332592	-2.40177151326852
0	6.05478633865056	24.8313074184134	21.3154933750058	20.3968919286929	0	3.68237335553597	0	15.7703695846769	18.9752294235103	0	20.556048402619	0	0	15.3110846282702	0	0	0	17.0821655059389	14.0812871265472	19.4304863665551	13.3213702789199	15.2022747512651	0	1.86828780662154	21.7358177125928	0	0	17.5746322398896	0	12.1002267497055	18.752433162725	0	0.532560289434556	0	15.9742602694616
0	-14.1812454440796	-5.48472436431677	3.90946159227571	-19.6460317827301	-1.50290685843403	-7.80365842719415	-2.5043704113166	-19.6460317827301	-0.340802359219811	2.45420148400719	1.71001661988891	-19.6460317827301	-9.19803281426556	-0.514947154459893	-19.6460317827301	-11.8585126202338	4.68200427876963	2.65613372320883	-2.49474465618288	2.724454583825	1.04533849618974	0.996242968534975	-11.4764477169776	-19.6460317827301	-0.690214070137326	-0.551835247329002	-1.17295704416017	1.26860045715952	-12.304130506216	1.38419496697541	2.94640137999486	-3.10229161742508	-3.16347149329556	-19.588229332592	-19.6460317827301
0	-20.6960317827301	-20.1447243643168	-0.270538407724292	-20.1091398540372	3.20709314156597	-17.7736584271941	-1.97437041131661	2.31433780194675	1.84919764078019	-1.15579851599281	3.05001661988891	-13.6541791010083	-3.28803281426556	-0.234947154459892	-20.848437564679	-10.0385126202338	-0.587995721230381	1.11613372320882	-8.62474465618289	4.87445458382499	-12.6346615038103	-20.943757031465	-12.8264477169776	-7.90774397610858	-1.35021407013733	-9.10183524732901	0.957042955839825	1.67860045715952	0.43586949378404	1.2341949669754	1.17640137999486	-2.04229161742509	-20.6960317827301	-14.418229332592	-20.8717715132685
0	-20.3360317827301	-19.7847243643168	2.72946159227571	-1.33913985403721	6.72709314156596	-0.903658427194149	-20.3360317827301	3.57433780194675	0.75919764078019	-2.14579851599281	1.95001661988891	-20.3360317827301	-20.3360317827301	-0.244947154459897	-20.3360317827301	-20.3360317827301	-20.3360317827301	0.0261337232088259	-20.3360317827301	3.30445458382499	1.01533849618973	-20.3360317827301	-20.3360317827301	-20.3360317827301	0.429785929862671	-2.64183524732901	3.11704295583983	1.51860045715952	-4.80413050621596	-0.425805033024602	1.81640137999486	-2.90229161742509	-6.97347149329557	0.071770667408039	-20.3360317827301
0	-20.9560317827301	-20.4047243643168	-8.1105384077243	0.510860145962791	1.79709314156597	-2.20365842719415	0.2456295886834	-0.575662198053244	3.55919764078019	-5.37579851599281	2.78001661988891	-4.4941791010083	-20.9560317827301	2.33505284554011	-20.9560317827301	-20.9560317827301	2.62200427876963	1.85613372320882	-12.1047446561829	4.334454583825	-1.48466150381026	-4.02375703146503	-20.9560317827301	-20.9560317827301	-0.450214070137324	-20.9560317827301	-4.58295704416017	-4.93139954284048	-0.0741305062159583	3.0541949669754	3.76640137999486	-3.11229161742509	-20.9560317827301	-3.22822933259196	-20.9560317827301
0	-20.9560317827301	3.86527563568324	1.76946159227571	-0.819139854037207	4.07709314156597	-0.573658427194143	-0.434370411316607	1.00433780194675	3.45919764078019	0.514201484007195	5.22001661988891	2.9258208989917	-20.9560317827301	1.68505284554011	-20.9560317827301	-20.9560317827301	-7.06799572123038	2.86613372320883	-20.9547446561829	4.244454583825	-1.57466150381027	-0.273757031465028	-20.9560317827301	-20.9560317827301	-2.64021407013733	1.92816475267099	-3.17295704416017	2.99860045715952	0.315869493784042	2.9641949669754	3.98640137999486	-1.31229161742509	-16.7334714932956	-1.41822933259196	-20.9560317827301
0	0	3.72130741841335	8.72549337500583	0	5.98312492429609	2.95237335553598	2.70166137141352	6.16036958467688	6.46522942351031	6.41023326673731	10.546048402619	0	0	7.81108462827022	0	0	0	3.74216550593894	0	7.27048636655512	1.43137027891985	0	0	0	7.96581771259279	0	3.36307473856995	7.31463223988964	2.66190127651416	3.28022674970552	9.02243316272498	0	0	0	0
0	-5.15124544407956	-4.86472436431677	-2.84053840772429	-1.51913985403721	6.93709314156596	-0.113658427194149	-0.714370411316601	2.55433780194676	2.30919764078019	-1.21579851599281	1.95001661988891	-1.7441791010083	6.00196718573444	6.1350528455401	-2.57843756467902	-4.57851262023379	18.9620042787696	3.27613372320883	12.2852553438171	9.01445458382499	10.9853384961897	-5.41603178273012	-1.34644771697759	0.982256023891424	-5.41603178273012	3.698164752671	1.15704295583983	1.93860045715952	9.43586949378404	5.0841949669754	0.936401379994855	4.41770838257492	9.32652850670444	3.09177066740804	-2.88177151326851
0	-18.7460317827301	-18.1947243643168	4.87946159227571	1.68086014596279	3.33709314156597	-18.7460317827301	0.9956295886834	1.83433780194676	5.19919764078019	4.5742014840072	6.77001661988891	-18.7460317827301	-18.7460317827301	2.88505284554011	-18.7460317827301	-18.7460317827301	-12.3779957212304	4.79613372320883	-6.33474465618288	3.674454583825	0.205338496189736	1.82624296853497	-18.7460317827301	-18.7460317827301	2.44978592986267	2.058164752671	-0.512957044160167	5.83860045715952	2.13586949378404	4.6441949669754	6.02640137999486	-1.18229161742509	-18.7460317827301	-18.7460317827301	-18.7460317827301
0	0	0.551307418413352	10.3654933750058	4.22689192869291	6.02312492429608	0	5.49166137141352	6.91036958467688	9.42522942351031	4.43023326673731	13.266048402619	5.44185268172182	0	10.3510846282702	0	0	0	4.79216550593895	0	7.53048636655511	0	0	0	0	8.82581771259279	10.6441965354011	3.86307473856995	11.1246322398896	0	7.29022674970552	10.492433162725	3.49374016530503	0	0	0
0	-8.57124544407956	7.42527563568323	1.69946159227571	-3.50913985403721	-0.362906858434034	-6.00365842719415	-3.0243704113166	-3.34566219805325	-4.53080235921982	-3.81579851599281	-0.0699833801110898	-4.9641791010083	-13.9580328142656	-6.7549471544599	-13.648437564679	-20.4060317827301	7.78200427876962	3.46613372320882	0.515255343817113	0.194454583824992	4.58533849618973	-3.14375703146503	2.61355228302241	-6.86774397610858	-9.64021407013733	-4.24183524732901	-12.4529570441602	-4.62139954284048	0.795869493784039	-3.0058050330246	-1.57359862000514	-6.00229161742509	-20.7134714932956	-19.038229332592	-19.2617715132685
0	-18.7460317827301	-18.1947243643168	2.38946159227571	-18.7460317827301	5.16709314156597	1.75634157280586	-0.1143704113166	4.23433780194676	4.12919764078019	-1.4857985159928	6.02001661988891	-18.7460317827301	-18.7460317827301	2.49505284554011	-18.7460317827301	-18.7460317827301	-18.7460317827301	4.86613372320883	-15.6047446561829	6.484454583825	1.32533849618973	4.16624296853497	-18.7460317827301	-11.3677439761086	1.04978592986268	4.278164752671	0.697042955839834	2.92860045715952	3.32586949378404	4.1841949669754	4.49640137999486	-0.352291617425088	-18.7460317827301	1.07177066740805	-18.7460317827301
0	2.50875455592044	-0.834724364316767	14.5094615922757	20.0108601459628	21.717093141566	15.9263415728059	19.0356295886834	-1.38603178273012	21.0491976407802	13.8142014840072	21.8100166198889	19.1358208989917	-1.38603178273012	20.3050528455401	-1.38603178273012	-1.38603178273012	24.6120042787696	22.7461337232088	17.6452553438171	23.854454583825	21.8553384961897	14.806242968535	0.783552283022409	4.41225602389142	17.2897859298627	21.198164752671	17.6070429558398	14.8986004571595	-1.38603178273012	22.4741949669754	22.2764013799949	-1.38603178273012	-1.38603178273012	16.931770667408	-1.38603178273012
0	-1.64124544407955	10.0952756356832	-2.35053840772429	-15.2991398540372	4.21709314156597	-0.213658427194144	2.7256295886834	4.29433780194676	2.90919764078019	-11.7457985159928	7.02001661988891	-15.9660317827301	7.67196718573444	3.44505284554011	-15.9660317827301	-4.97851262023379	6.80200427876963	7.20613372320883	0.165255343817119	7.144454583825	6.12533849618974	-8.08375703146503	5.05355228302241	-13.3977439761086	3.59978592986267	4.868164752671	-15.9660317827301	2.35860045715953	3.72586949378404	6.2541949669754	6.11640137999486	-15.9660317827301	-15.9660317827301	-2.82822933259195	-15.9660317827301
0	-10.5712454440796	-10.0447243643168	13.2794615922757	2.69086014596279	13.347093141566	9.47634157280585	11.2156295886834	11.8643378019468	11.2791976407802	11.9842014840072	13.7200166198889	-10.5960317827301	-6.92803281426556	9.87505284554011	10.041562435321	-9.88851262023379	6.83200427876962	12.7361337232088	3.53525534381712	14.654454583825	9.79533849618973	12.136242968535	-9.93644771697759	-10.5960317827301	6.98978592986267	10.868164752671	10.3370429558398	11.9586004571595	10.205869493784	12.4241949669754	13.4264013799949	-10.4122916174251	-4.47347149329556	-10.5960317827301	7.58822848673149
0	0	0.551307418413352	13.2454933750058	0	14.5531249242961	0	13.4216613714135	15.4803695846769	14.0052294235103	0	16.956048402619	0	0	14.2810846282702	0	0	0	14.7121655059389	0	16.5104863665551	0	0	0	0	0	0	0	14.3546322398896	13.2519012765142	13.5002267497055	17.002433162725	0	0	0	0
0	-10.1712454440796	7.25527563568323	3.8594615922757	-14.3591398540372	0.437093141565963	-18.8736584271941	-0.0743704113166075	-2.19566219805325	1.19919764078019	4.22420148400719	2.98001661988891	-11.1841791010083	-1.81803281426556	-0.714947154459896	-9.46843756467902	2.10148737976621	7.62200427876962	4.11613372320882	-0.404744656182888	4.03445458382499	3.47533849618973	2.99624296853497	-19.2960317827301	-5.80774397610858	-19.2960317827301	-11.861835247329	-19.2960317827301	0.618600457159516	3.32586949378404	2.5141949669754	2.11640137999485	-9.73229161742509	-13.4234714932956	-11.508229332592	-0.261771513268517
0	12.8047863386506	0.551307418413352	13.9854933750058	0	12.8131249242961	0	8.72166137141351	12.9603695846769	9.13522942351031	7.28023326673731	14.776048402619	0	0	10.0210846282702	0	5.89751916249633	0	12.1121655059389	0	12.7204863665551	7.91137027891985	0	0	0	10.8258177125928	13.8341965354011	0	12.6546322398896	0	9.54022674970552	14.402433162725	10.583740165305	0	0	0
0	-7.44124544407956	-12.1747243643168	8.08946159227571	8.92086014596279	0.627093141565961	2.10634157280585	9.14562958868339	9.27433780194675	9.51919764078019	0.804201484007187	11.5100166198889	-12.9541791010083	-12.7260317827301	9.0150528455401	-9.88843756467902	-12.7260317827301	13.1520042787696	10.2761337232088	3.69525534381711	12.004454583825	9.57533849618973	9.74624296853497	-5.77644771697759	-5.22774397610858	3.79978592986267	-7.301835247329	-12.7260317827301	8.06860045715952	9.51586949378404	9.1041949669754	10.6064013799949	8.49770838257491	-12.6034714932956	-12.7260317827301	-12.7260317827301
0	0	0.551307418413352	10.2554933750058	0	0	0	4.87166137141351	14.5103695846769	10.7052294235103	8.87023326673731	15.786048402619	0	0	11.6910846282702	0	0	0	14.6421655059389	0	14.7504863665551	0	0	0	0	14.1758177125928	15.3641965354011	14.9030747385699	13.5846322398896	11.2619012765142	11.6102267497055	14.842433162725	0	0	0	0
0	1.03875455592044	9.41527563568323	5.47946159227571	-3.92913985403721	3.22709314156596	1.18634157280585	1.75562958868339	-4.65566219805325	-0.020802359219811	3.58420148400719	4.03001661988891	-18.7660317827301	-18.7660317827301	-5.2049471544599	-10.278437564679	4.11148737976621	9.86200427876962	6.18613372320882	2.77525534381711	4.71445458382499	5.69533849618973	5.87624296853497	6.32355228302241	-18.7660317827301	-2.87021407013733	1.198164752671	-0.102957044160171	1.54860045715952	3.79586949378404	3.8541949669754	1.97640137999485	1.00770838257491	-18.7660317827301	-18.7660317827301	-18.7660317827301
0	24.0347863386506	0.551307418413352	18.6954933750058	22.2368919286929	19.6231249242961	15.892373355536	0	19.3303695846769	0	14.7802332667373	20.316048402619	0	0	0	0	0	0	17.5321655059389	0	19.1604863665551	14.4313702789199	0	0	0	17.3558177125928	0	0	17.9546322398896	0	17.2802267497055	17.722433162725	0	0	0	1.44426026946161
0	-16.0812454440796	-15.8247243643168	-8.1405384077243	-11.4791398540372	-1.92290685843404	-18.8360317827301	1.9056295886834	-4.76566219805325	-18.8360317827301	-12.1057985159928	-0.769983380111093	-15.0341791010083	-18.8360317827301	1.3650528455401	-18.8360317827301	3.26148737976621	9.23200427876962	5.84613372320882	2.33525534381711	5.40445458382499	6.58533849618973	-18.8360317827301	-18.8360317827301	-13.0777439761086	-8.52021407013733	-16.251835247329	-9.59295704416017	-7.46139954284048	-0.714130506215959	2.5241949669754	3.11640137999485	-2.35229161742509	-13.9334714932956	-18.8360317827301	-3.00177151326851
0	0	0.551307418413352	0	0	0	0	0	0	0	0	0	0	0	0	0	0	0	0	0	0	0	0	0	0	0	0	0	0	0	0	0	0	0	0	0
0	-6.93603178273012	-6.38472436431676	5.08946159227571	-5.7291398540372	-2.49290685843403	-6.93603178273012	9.4856295886834	10.9543378019468	9.60919764078019	-6.93603178273012	13.1000166198889	11.0158208989917	-6.93603178273012	11.7950528455401	-3.10843756467901	-6.93603178273012	-0.347995721230372	12.2561337232088	1.00525534381712	15.434454583825	12.8353384961897	-6.65375703146502	-6.93603178273012	-6.93603178273012	-0.810214070137324	-1.251835247329	5.16704295583983	10.1186004571595	-6.93603178273012	14.4341949669754	12.2164013799949	-4.24229161742508	-6.93603178273012	1.50177066740805	-6.93603178273012
0	0	0.551307418413352	4.77549337500582	0	0	0	0	3.33036958467688	0	0	2.78604840261903	0	0	2.13108462827022	0	0	0	-0.0578344940610549	0	3.12048636655512	0	0	0	0	0	1.16419653540111	0	1.84463223988964	0	1.81022674970552	0.222433162724979	0	0	0	0
0	10.3087545559204	-2.87472436431677	8.6194615922757	-3.06913985403721	3.52709314156597	10.5963415728059	5.9056295886834	-10.1356621980532	8.34919764078019	5.86420148400719	7.25001661988891	2.2358208989917	3.24196718573443	8.77505284554011	-3.70843756467902	5.9014873797662	17.1220042787696	13.4861337232088	9.19525534381711	13.584454583825	12.9453384961897	4.13624296853497	12.3235522830224	3.54225602389142	-10.5460317827301	2.628164752671	-2.91295704416017	7.72860045715952	11.235869493784	12.0141949669754	10.2964013799949	0.517708382574909	0.166528506704434	-1.93822933259196	5.60822848673149
0	0	0.551307418413352	0	0	0	0	0	0	0	0	0	0	0	0	0	0	0	0	0	0	0	0	0	0	0	0	0	0	0	0	0	0	0	0	0
0	0.588754555920442	22.3152756356832	10.3394615922757	15.1308601459628	-4.92290685843404	-5.48603178273012	14.9856295886834	-5.48603178273012	12.5491976407802	7.99420148400719	16.5000166198889	4.2158208989917	-5.48603178273012	14.6150528455401	5.27156243532098	16.3814873797662	22.5920042787696	19.7561337232088	14.1052553438171	18.124454583825	19.2253384961897	18.936242968535	12.7935522830224	-5.48603178273012	3.88978592986267	16.108164752671	13.0670429558398	13.5886004571595	17.095869493784	17.1341949669754	17.4964013799949	-5.48603178273012	-5.48603178273012	-5.48603178273012	-5.48603178273012
0	0	0.551307418413352	15.7654933750058	0	18.9331249242961	15.332373355536	15.5316613714135	14.6103695846769	18.5452294235103	15.5302332667373	17.796048402619	0	0	15.6410846282702	0	9.56751916249633	0	17.0321655059389	0	15.2504863665551	12.3213702789199	0	0	0	16.2858177125928	16.3941965354011	15.6130747385699	18.0946322398896	0	15.2502267497055	17.302433162725	9.85374016530503	0	0	0
0	0	0.551307418413352	20.6854933750058	18.8368919286929	22.4531249242961	16.972373355536	0	18.5103695846769	20.9552294235103	16.8402332667373	19.016048402619	0	0	19.2810846282702	0	16.4675191624963	0	18.8121655059389	0	18.0104863665551	9.92137027891985	0	0	0	19.8458177125928	0	19.0030747385699	20.7746322398896	16.9819012765142	17.5402267497055	20.482433162725	16.963740165305	14.6825602894346	0	0
0	-9.42603178273012	-8.87472436431677	9.13946159227571	-9.42603178273012	11.707093141566	7.94634157280585	-9.42603178273012	5.90433780194676	9.76919764078019	9.1242014840072	9.73001661988891	-9.42603178273012	-9.42603178273012	4.24505284554011	-9.42603178273012	-9.42603178273012	-9.42603178273012	4.46613372320882	-9.42603178273012	6.954454583825	2.96533849618973	-9.42603178273012	-9.42603178273012	-9.42603178273012	7.34978592986267	-9.42603178273012	4.56704295583983	8.86860045715952	-9.42603178273012	2.4041949669754	8.51640137999486	-9.42603178273012	-9.42603178273012	-9.42603178273012	-9.53177151326851
0	5.85875455592044	-1.43472436431677	19.6694615922757	9.01086014596279	20.867093141566	19.0463415728059	19.5556295886834	21.3943378019468	21.8191976407802	-2.20579851599281	22.5600166198889	-1.98603178273012	-1.98603178273012	19.5550528455401	3.51156243532098	-0.0585126202337882	23.7620042787696	23.1061337232088	16.8652553438171	23.424454583825	20.7853384961897	13.336242968535	-0.0464477169775961	8.48225602389142	10.6997859298627	1.228164752671	-1.98603178273012	21.5786004571595	18.685869493784	21.5941949669754	22.4764013799949	16.8277083825749	4.81652850670444	-0.57822933259196	9.81822848673149
0	-14.8860317827301	-14.3347243643168	4.80946159227571	4.6008601459628	-4.53290685843404	5.28634157280586	6.2256295886834	7.39433780194675	6.79919764078019	-7.4857985159928	9.37001661988891	-15.1041791010083	-14.8860317827301	7.33505284554011	-14.8860317827301	-14.8860317827301	9.18200427876962	9.43613372320883	-0.274744656182886	10.444454583825	5.94533849618974	-14.8860317827301	-14.8860317827301	-9.45774397610858	-14.8860317827301	-11.611835247329	0.497042955839831	6.58860045715952	6.47586949378404	9.1341949669754	8.60640137999486	-8.08229161742508	-12.5134714932956	-7.24822933259195	-14.8860317827301
0	0	0.551307418413352	4.92549337500583	0	0	0	0.151661371413514	14.2903695846769	21.5852294235103	0	0	0	0	20.1210846282702	0	0	23.2580360614997	19.8121655059389	11.2112871265472	24.6104863665551	14.3313702789199	19.2922747512651	0	0	15.2558177125928	2.42419653540112	13.0630747385699	12.6246322398896	2.10190127651416	22.5302267497055	7.46243316272497	19.503740165305	0	0	0
0	0	0.551307418413352	0	0	0	0	0	0	0	0	0	0	0	0	0	0	0	0	0	0	0	0	0	0	0	0	0	0	0	0	0	0	0	0	0
0	2.48875455592044	22.5652756356832	12.4894615922757	-1.40913985403721	-1.21290685843404	15.5763415728059	15.5556295886834	4.89433780194675	15.6991976407802	16.6642014840072	18.8800166198889	5.4258208989917	4.11196718573444	16.4050528455401	7.38156243532098	7.30148737976621	22.6420042787696	20.2061337232088	16.2852553438171	19.784454583825	18.3053384961897	18.876242968535	19.9935522830224	4.25225602389142	3.03978592986267	3.578164752671	13.0870429558398	14.0386004571595	18.655869493784	18.4241949669754	17.9664013799949	9.39770838257491	3.63652850670444	2.09177066740804	2.16822848673149
0	0	0.551307418413352	5.59549337500582	0	0	0	0.991661371413517	7.25036958467687	8.4452294235103	0	7.19604840261903	0.651852681721824	0	5.31108462827022	0	0	0	5.93216550593894	0	8.06048636655511	0	0	0	0	0	0	0	4.55463223988964	3.93190127651416	6.45022674970552	4.19243316272498	0	0	0	0
0	3.28478633865056	0.551307418413352	0	7.31689192869291	22.5131249242961	16.242373355536	20.7916613714135	22.2103695846769	20.6052294235103	19.1102332667373	23.376048402619	0	0	19.2410846282702	0.937594218051103	-0.0524808375036727	7.60803606149974	24.1121655059389	16.6512871265472	24.0004863665551	13.2213702789199	0	0	3.17828780662154	0	22.3641965354011	13.0330747385699	20.2846322398896	20.9019012765142	22.9802267497055	23.492433162725	0	3.10256028943456	0	0
0	0	14.8113074184133	17.8254933750058	21.1468919286929	22.1931249242961	7.11237335553597	21.9216613714135	21.1903695846769	21.1752294235103	0	23.186048402619	22.3518526817218	0	21.4510846282702	0	0	26.1080360614997	24.8221655059389	19.9112871265472	24.5604863665551	22.5913702789199	23.7822747512651	0	0	14.8658177125928	2.66419653540111	0	20.9746322398896	23.2019012765142	23.7102267497055	24.762433162725	20.823740165305	7.04256028943455	8.91780245013816	-0.13573973053839
0	0	0.551307418413352	14.4254933750058	0	12.3831249242961	0	10.5516613714135	12.7703695846769	0	0	13.976048402619	0	0	9.67108462827023	0	0	0	12.5721655059389	0	13.0604863665551	0	0	0	0	0	0	0	10.8146322398896	0	9.41022674970552	13.952433162725	0	0	0	0
0	0	0.551307418413352	14.3454933750058	3.17689192869291	20.8931249242961	0	20.6716613714135	21.8003695846769	20.5952294235103	18.6202332667373	23.126048402619	17.0118526817218	0	21.4910846282702	0	0	23.1680360614997	23.5721655059389	16.3312871265472	24.4704863665551	20.5413702789199	0	0	0	13.5458177125928	22.1441965354011	15.9330747385699	19.3246322398896	19.8719012765142	23.3802267497055	24.072433162725	0	0	0	0
0	-0.381245444079557	7.02527563568323	1.1394615922757	-22.7060317827301	-20.662906858434	-16.8836584271941	-15.0243704113166	-22.7060317827301	-19.6808023592198	1.99420148400719	-15.4399833801111	-22.7060317827301	3.24196718573444	-19.0249471544599	-21.978437564679	0.70148737976621	5.99200427876962	2.15613372320882	-0.674744656182884	-1.275545416175	3.34533849618974	-2.47375703146503	-0.656447716977596	-22.7060317827301	-22.7060317827301	-9.311835247329	-22.7060317827301	-22.7060317827301	-1.74413050621596	-5.1258050330246	-10.9135986200051	-23.0522916174251	-22.7060317827301	-22.7060317827301	-22.7060317827301
0	0	0.551307418413352	0	0	0	0	0	0	0	0	0	0	0	0	0	0	0	0	0	0	0	0	0	0	0	0	0	0	0	0	0	0	0	0	0
0	4.39875455592044	10.9952756356832	-0.80603178273012	21.7208601459628	-0.80603178273012	12.9763415728059	20.8856295886834	-0.80603178273012	18.8691976407802	-0.80603178273012	16.7300166198889	-0.80603178273012	21.5119671857344	22.5050528455401	-0.80603178273012	-0.188512620233791	24.4520042787696	24.7661337232088	20.0452553438171	21.594454583825	20.7353384961897	-0.80603178273012	22.3235522830224	10.4922560238914	10.9497859298627	22.388164752671	-0.80603178273012	7.02860045715952	11.485869493784	19.1941949669754	22.1364013799949	7.83770838257491	8.95652850670443	8.01177066740804	-0.80603178273012
0	-0.441245444079559	6.63527563568323	2.69946159227571	-0.439139854037212	-1.60290685843404	-2.91365842719415	-1.4243704113166	-0.845662198053247	-4.65080235921981	-0.81579851599281	0.570016619888911	-13.4341791010083	3.16196718573444	-2.12494715445989	-10.468437564679	0.59148737976621	6.83200427876962	3.58613372320882	-0.294744656182885	1.95445458382499	3.72533849618973	2.79624296853497	4.56355228302241	-6.21774397610858	-1.09021407013733	-0.791835247329004	-1.55295704416017	-2.04139954284048	0.355869493784038	1.4641949669754	1.12640137999486	-14.4222916174251	-10.8034714932956	-12.978229332592	-8.80177151326851
0	0	0.551307418413352	0	0	0	0	0	0	0	0	1.11604840261903	0	0	0	0	0	0	0	0	0	0	0	0	0	0	0	0	0	0	0	-0.157566837275024	0	2.49256028943456	0	0
0	-19.3660317827301	-5.17472436431677	2.84946159227571	-19.3660317827301	3.81709314156597	4.89634157280585	4.10562958868339	1.85433780194676	2.72919764078019	4.08420148400719	5.77001661988891	-19.3660317827301	6.38196718573444	5.3550528455401	-19.3660317827301	4.18148737976621	5.47200427876962	8.26613372320882	-3.10474465618289	7.10445458382499	3.63533849618973	3.18624296853497	-17.1164477169776	-19.3660317827301	-3.80021407013733	7.36816475267099	-3.17295704416017	3.52860045715952	2.34586949378404	8.8541949669754	6.38640137999485	0.137708382574907	-19.3660317827301	-19.3660317827301	-19.3660317827301
0	-20.9560317827301	-3.05472436431677	0.759461592275709	1.41086014596279	2.14709314156596	3.97634157280585	3.6156295886834	1.19433780194676	1.52919764078019	-0.315798515992803	4.85001661988891	-20.9560317827301	-20.9560317827301	4.30505284554011	-20.9560317827301	1.72148737976621	6.10200427876962	7.04613372320883	-1.31474465618289	6.314454583825	2.61533849618974	3.54624296853497	-0.806447716977594	-20.9560317827301	-1.58021407013733	4.758164752671	-7.47295704416017	2.03860045715952	2.31586949378404	7.3141949669754	4.01640137999486	-20.9560317827301	-20.9560317827301	0.141770667408039	-20.9560317827301
0	0	0.551307418413352	4.11549337500583	0.0168919286929139	3.50312492429609	1.16237335553597	4.02166137141351	4.86036958467687	2.10522942351031	1.09023326673731	6.27604840261903	0	0	6.32108462827023	0	0	0	5.10216550593894	0	6.22048636655511	0	0.22227475126509	0	0	0	5.21419653540112	-0.0369252614300528	3.26463223988964	0	6.50022674970552	4.46243316272497	0	0	0	0
0	-21.6160317827301	7.55527563568323	4.35946159227571	2.68086014596279	4.67709314156597	5.91634157280586	4.2856295886834	4.16433780194675	5.17919764078019	4.6042014840072	7.25001661988891	1.74582089899171	-21.6160317827301	6.95505284554011	-21.6160317827301	5.77148737976621	1.34200427876962	8.46613372320882	-4.73474465618288	7.52445458382499	3.38533849618974	3.81624296853497	-21.6160317827301	-21.6160317827301	0.769785929862671	6.608164752671	-2.11295704416017	4.35860045715952	3.09586949378404	9.6641949669754	5.15640137999486	0.337708382574913	-2.44347149329556	0.0117706674080402	-21.6160317827301
0	-21.5512454440796	6.55527563568323	3.38946159227571	0.880860145962792	2.67709314156597	3.68634157280585	2.4756295886834	1.53433780194676	2.68919764078019	3.73420148400719	5.06001661988891	-0.414179101008294	-23.4960317827301	5.02505284554011	-23.4960317827301	4.26148737976621	1.42200427876962	6.71613372320883	-5.58474465618288	5.634454583825	1.07533849618974	-0.923757031465026	-2.48644771697759	-22.3477439761086	0.299785929862676	4.618164752671	-1.21295704416017	2.10860045715952	1.43586949378404	7.8541949669754	4.17640137999486	-1.86229161742509	-2.89347149329556	-0.428229332591954	-23.4960317827301
0	-22.5460317827301	4.01527563568323	-10.8005384077243	3.03086014596279	-2.46290685843403	-0.343658427194143	3.8856295886834	-1.68566219805325	3.99919764078019	-6.48579851599281	1.39001661988891	-22.5460317827301	-22.5460317827301	6.88505284554011	-22.5460317827301	5.89148737976621	3.32200427876963	7.82613372320883	-4.84474465618288	6.974454583825	0.815338496189735	-1.82375703146503	-22.5460317827301	-22.5460317827301	-1.15021407013733	5.658164752671	-3.56295704416017	-7.43139954284048	3.50586949378404	7.8441949669754	5.45640137999486	-1.03229161742508	0.526528506704437	-1.97822933259195	-22.5460317827301
0	0	0.551307418413352	0	0	0	0	0	0	0	0	0	0	0	0	0	0	0	0	0	0	0	0	0	0	0	0	0	0	0	0	0	0	0	0	0
0	-14.6212454440796	5.23527563568323	2.39946159227571	1.51086014596279	3.25709314156597	4.61634157280585	3.0856295886834	2.68433780194675	3.26919764078019	2.81420148400719	6.03001661988891	-19.9941791010083	2.59196718573444	5.96505284554011	-19.228437564679	5.40148737976621	3.64200427876963	7.80613372320882	-2.11474465618289	6.124454583825	2.37533849618973	2.17624296853497	-14.2464477169776	-14.3377439761086	-2.30021407013733	5.268164752671	-4.95295704416017	3.56860045715952	-1.49413050621596	5.6141949669754	4.88640137999486	-21.5060317827301	-21.5060317827301	0.491770667408044	-19.6617715132685
0	0	0.551307418413352	5.65549337500583	1.65689192869291	5.83312492429609	6.87237335553597	6.85166137141352	4.86036958467687	6.51522942351031	3.44023326673731	10.116048402619	0	3.01799896846456	11.7310846282702	0	3.59751916249633	0	7.73216550593894	0	7.38048636655511	0.491370278919852	5.34227475126509	0	0	8.99581771259279	9.16419653540111	3.90307473856994	6.95463223988964	0.0519012765141618	9.55022674970552	6.44243316272498	0.723740165305035	0	0	0
0	-18.1312454440796	4.97527563568323	1.9094615922757	2.63086014596279	3.78709314156596	4.96634157280585	3.33562958868339	1.66433780194675	3.84919764078019	3.45420148400719	5.98001661988891	-20.7960317827301	-20.7960317827301	5.0050528455401	-20.7960317827301	4.77148737976621	1.62200427876962	7.98613372320882	-4.83474465618289	5.83445458382499	2.99533849618973	2.76624296853496	-20.7960317827301	-20.7960317827301	-0.380214070137331	5.48816475267099	-3.60295704416017	3.39860045715952	2.45586949378404	9.0541949669754	4.94640137999485	1.22770838257491	1.28652850670443	1.59177066740804	-13.3217715132685
0	0.928754555920438	19.9052756356832	-7.65603178273012	13.1808601459628	14.817093141566	15.5463415728059	11.7956295886834	1.54433780194675	13.3691976407802	14.7142014840072	15.1200166198889	0.325820898991701	-7.65603178273012	17.7050528455401	-7.31843756467902	15.4014873797662	16.6420042787696	15.2861337232088	7.40525534381711	5.97445458382499	13.2253384961897	15.196242968535	-6.2564477169776	-0.547743976108585	8.59978592986267	15.918164752671	5.75704295583983	13.6786004571595	-7.65603178273012	2.2741949669754	15.1464013799949	0.22770838257491	-5.36347149329557	1.81177066740804	-7.86177151326851
0	0	0.551307418413352	4.33549337500583	0	3.29312492429609	4.50237335553597	0	1.03036958467687	6.74522942351031	4.61023326673731	4.78604840261903	0	0	11.7510846282702	0	5.73751916249633	0	5.04216550593895	0	6.21048636655511	0	10.4622747512651	0	0	0	0	0.383074738569949	7.35463223988964	0	10.1202267497055	3.90243316272498	0	0	0	0
0	0	0.551307418413352	0	0	0	22.332373355536	0	22.1403695846769	21.0052294235103	20.6402332667373	20.246048402619	0	25.8379989684646	25.1310846282702	0	23.9075191624963	13.6780360614997	20.6821655059389	15.4812871265472	23.5004863665551	21.1013702789199	23.3622747512651	0.929584065752525	0	13.2358177125928	0	0	19.8446322398896	0	23.1702267497055	15.132433162725	0	0	0	0
0	0	10.7813074184133	19.7854933750058	0	0	21.432373355536	0	21.8103695846769	20.6652294235103	21.3702332667373	21.266048402619	21.2018526817218	4.35799896846456	22.7410846282702	0	20.9175191624963	15.6880360614997	20.8721655059389	14.7112871265472	19.5904863665551	17.2713702789199	22.3122747512651	0	10.3882878066215	21.0558177125928	22.4341965354011	16.77307473857	20.8546322398896	0	24.1802267497055	0	0	0	3.94780245013816	0
0	0	0.551307418413352	0	0	0	16.762373355536	0	17.7903695846769	15.7852294235103	0	13.226048402619	0	0	19.2710846282702	0	14.1975191624963	0	0	0	7.15048636655511	0	0	0	0	17.4058177125928	15.9441965354011	15.6430747385699	13.2546322398896	0	16.3302267497055	16.032433162725	0	0	0	0
0	-8.23124544407956	6.47527563568324	-15.4805384077243	-2.39913985403721	-2.64290685843403	0.716341572805856	0.485629588683402	-0.305662198053241	2.11919764078019	-12.2157985159928	-3.25998338011109	-4.77417910100829	-17.4360317827301	6.46505284554011	-17.4360317827301	3.14148737976621	5.17200427876962	4.35613372320883	-17.0447446561829	2.404454583825	-17.4360317827301	-5.43375703146502	-17.4360317827301	-17.4360317827301	4.40978592986268	3.218164752671	-2.27295704416017	-4.47139954284047	-16.084130506216	7.1441949669754	2.67640137999486	-17.4360317827301	-17.4360317827301	-17.4360317827301	-17.4360317827301
0	-1.74603178273012	-1.19472436431677	18.2394615922757	-1.74603178273012	17.847093141566	19.4563415728059	-1.74603178273012	21.1443378019468	15.6791976407802	2.0042014840072	19.6900166198889	19.3658208989917	6.66196718573444	21.9950528455401	-1.74603178273012	-1.74603178273012	22.6120042787696	19.9261337232088	16.3952553438171	15.444454583825	18.8853384961897	20.796242968535	-1.74603178273012	-1.74603178273012	8.83978592986267	19.598164752671	-1.74603178273012	17.5386004571595	-0.204130506215961	23.3641949669754	17.3364013799949	-1.74603178273012	-1.74603178273012	18.301770667408	-1.74603178273012
0	-2.86124544407956	7.59527563568323	5.25946159227571	1.8808601459628	2.42709314156597	4.60634157280586	0.595629588683394	6.53433780194676	4.28919764078019	5.07420148400719	6.27001661988891	-2.1041791010083	4.97196718573444	5.89505284554011	-12.408437564679	-13.7760317827301	-1.10799572123038	6.02613372320883	-13.7760317827301	4.964454583825	-0.664661503810269	3.82624296853497	-13.7760317827301	-4.16774397610858	7.24978592986267	9.758164752671	4.61704295583983	6.47860045715952	-13.7760317827301	4.5641949669754	5.72640137999485	-0.412291617425083	-13.7760317827301	3.14177066740804	-5.39177151326851
0	0	0.551307418413352	25.2454933750058	21.5468919286929	25.4331249242961	22.932373355536	0	24.2403695846769	23.7252294235103	19.0502332667373	24.846048402619	21.2018526817218	0	23.7710846282702	0	20.8075191624963	0	24.1621655059389	0	22.6904863665551	19.7713702789199	22.7322747512651	0	0	25.7458177125928	22.8341965354011	23.09307473857	24.0746322398896	20.6519012765142	23.4902267497055	24.152433162725	0	0	9.76780245013816	0
0	0	24.7113074184133	24.2454933750058	0	23.2631249242961	24.282373355536	20.7616613714135	24.0403695846769	22.5952294235103	23.2002332667373	23.106048402619	22.3718526817218	0	26.2310846282702	0	0	22.8580360614997	23.6721655059389	13.8912871265472	22.4004863665551	8.50137027891985	0	0	-0.031712193378457	18.4558177125928	23.2341965354011	16.5430747385699	22.4746322398896	0	26.5102267497055	21.202433162725	0	0	0	0
0	0	0.551307418413352	0	0	0	2.30237335553597	0	5.25036958467687	0	0	3.24604840261903	0	0	4.65108462827023	0	0.00751916249632956	0	0	0	0.890486366555113	0	0	0	0	-0.324182287407211	1.19419653540112	0	1.38463223988964	0	0.520226749705518	0	0	0	0	0
0	1.28875455592044	8.36527563568323	4.25946159227571	-0.469139854037206	3.30709314156597	3.98634157280586	-5.90437041131661	2.76433780194676	2.25919764078019	2.78420148400719	3.69001661988891	1.47582089899171	5.22196718573445	6.08505284554011	-1.81843756467901	4.43148737976621	10.0120042787696	6.21613372320883	2.34525534381712	3.584454583825	6.21533849618974	4.38624296853497	9.41355228302241	-0.117743976108578	1.02978592986267	0.798164752670999	-3.71295704416017	1.90860045715952	3.51586949378404	6.53419496697541	0.526401379994859	-1.70229161742508	-2.23347149329556	-0.748229332591954	-2.54177151326851
0	11.4187545559204	17.4152756356832	8.6594615922757	9.21086014596279	12.547093141566	12.0663415728059	-7.5543704113166	12.6243378019468	9.94919764078019	11.3842014840072	11.5700166198889	7.4558208989917	-6.68803281426556	14.3350528455401	-3.60843756467902	2.17148737976621	18.0620042787696	14.6361337232088	11.3652553438171	10.834454583825	15.0753384961897	13.896242968535	12.9535522830224	5.18225602389142	8.20978592986267	11.458164752671	4.54704295583983	10.6986004571595	12.255869493784	15.2241949669754	0.456401379994851	-1.84229161742509	-4.70347149329556	0.17177066740804	-3.53177151326851
0	-9.15124544407956	6.85527563568323	3.21946159227571	0.300860145962794	3.28709314156596	4.45634157280585	1.8956295886834	1.13433780194675	2.69919764078019	2.65420148400719	5.01001661988891	-3.1741791010083	-8.64803281426556	6.70505284554011	-9.60843756467901	3.83148737976621	4.96200427876962	3.75613372320882	-1.86474465618289	5.52445458382499	1.46533849618973	2.79624296853497	-5.8464477169776	-5.68774397610858	1.39978592986267	2.42816475267099	-3.29295704416017	4.09860045715952	0.0658694937840387	6.8741949669754	2.19640137999486	-2.97229161742509	-7.42347149329557	-1.36822933259196	-7.53177151326851
0	-19.3260317827301	7.88527563568323	-9.73053840772429	3.8508601459628	1.92709314156597	2.73634157280586	4.5556295886834	-1.85566219805324	6.90919764078019	-6.7357985159928	4.84001661988891	-19.3260317827301	4.68196718573445	9.89505284554011	-19.3260317827301	5.42148737976622	8.28200427876963	7.74613372320883	0.805255343817116	8.804454583825	3.61533849618974	-1.70375703146503	-19.3260317827301	-19.3260317827301	3.51978592986267	6.948164752671	1.62704295583983	-0.381399542840477	2.23586949378404	9.58419496697541	6.21640137999486	2.11770838257492	0.376528506704442	-19.3260317827301	-19.3260317827301
0	0	0.551307418413352	0	0	0	0	0	0	0	0	0	0	0	0	0	0	0	0	0	0	0	0	0	0	0	0	0	0	0	0	0	0	0	0	0
0	-3.05124544407956	6.74527563568323	2.86946159227571	-3.98913985403721	0.387093141565966	0.956341572805854	-1.8343704113166	-2.45566219805324	-0.450802359219811	2.5142014840072	2.10001661988891	-13.5341791010083	3.70196718573444	2.64505284554011	-4.55843756467901	1.55148737976621	7.76200427876962	4.04613372320883	0.885255343817114	2.194454583825	4.68533849618974	2.84624296853497	4.10355228302241	-5.41774397610858	-2.19021407013733	-0.231835247329002	-4.13295704416017	0.538600457159522	2.04586949378404	4.2541949669754	-0.563598620005141	-7.77229161742508	-19.9834714932956	-10.538229332592	-11.5317715132685
0	0	0.551307418413352	0	0	20.1031249242961	0	0	0	0	0	0	0	0	0	17.8775942180511	22.4775191624963	27.4180360614997	22.5721655059389	19.5512871265472	4.47048636655511	23.3313702789199	22.4922747512651	22.4595840657525	0	0	0	0	0	12.3619012765142	0	0	0	0	0	0
0	-6.87603178273012	-6.32472436431677	7.8294615922757	3.16086014596279	5.72709314156596	8.04634157280585	7.21562958868339	5.02433780194676	8.93919764078019	1.48420148400719	6.13001661988891	-6.87603178273012	-6.87603178273012	3.2850528455401	-6.87603178273012	-2.10851262023379	-6.87603178273012	4.95613372320883	-6.87603178273012	2.75445458382499	3.49533849618973	-1.51375703146503	-6.87603178273012	-6.87603178273012	3.09978592986267	1.778164752671	-0.772957044160172	0.658600457159523	-5.14413050621596	4.5141949669754	6.52640137999486	-3.25229161742509	-6.87603178273012	-6.87603178273012	-6.87603178273012
