"sample"	"orf"	"position"	"B...4"	"B...5"	"A...6"	"B...7"	"A...8"	"A...9"	"B...10"	"A...11"	"A...12"	"A...13"	"A...14"	"B...15"	"A...16"	"B...17"	"B...18"	"A...19"	"B...20"	"A...21"	"B...22"	"B...23"	"A...24"	"A...25"	"A...26"	"A...27"	"B...28"	"A...29"	"A...30"	"B...31"	"B...32"	"B...33"	"filename"
"K3_18883"	"K3"	"18883"	-29.28	-29.06	-29.885	-28.52	-16.8599999999999	-32.675	-31.575	-13.975	-16.975	-30.675	-19.575	-25.88	-21.265	-32.245	-25.38	-35.625	-26.005	-24.385	-29.585	-27.85	-26.925	-32.015	-14.17	-20.315	-29.29	-28.095	-17.49	-28.45	-25.535	-11.78	"ddCT.xlsx"
"K3_19081"	"K3"	"19081"	-13.23	-29.06	-10.385	-17.04	-8.18999999999995	-32.675	-31.575	-6.67500000000004	-17.035	-30.675	-13.645	-25.88	-16.875	-32.245	-25.38	-16.225	-26.005	-18.105	-29.585	-27.85	-11.205	-32.015	-25.54	-10.415	-29.29	-20.235	-15.44	-18.18	-25.535	-26.05	"ddCT.xlsx"
"K3_19577"	"K3"	"19577"	-29.28	-29.06	-18.245	-28.52	-14.2400000000001	-32.675	-31.575	-11.315	-16.655	-30.675	-16.705	-20.7	-22.815	-32.245	-25.38	-19.555	-26.005	-24.925	-29.585	-14.21	-26.925	-32.015	-16.45	-15.645	-29.29	-25.105	-22.88	-28.45	-25.535	-26.05	"ddCT.xlsx"
"Orf70_20979"	"Orf70"	"20979"	-29.28	-29.06	-16.535	-28.52	-14.3599999999999	-32.675	-31.575	-16.875	-15.485	-30.675	-18.125	-25.88	-20.635	-32.245	-25.38	-35.625	-26.005	-28.785	-29.585	-27.85	-26.925	-32.015	-25.54	-19.935	-29.29	-29.205	-18.03	-28.45	-25.535	-26.05	"ddCT.xlsx"
"K4_21778"	"K4"	"21778"	-22.55	-29.06	-17.855	-28.52	-25.8100000000001	-32.675	-31.575	-15.275	-17.415	-23.845	-21.645	-25.88	-24.265	-32.245	-25.38	-35.625	-26.005	-25.955	-29.585	-27.85	-19.515	-32.015	-25.54	-23.025	-29.29	-31.695	-31.52	-21.85	-25.535	-26.05	"ddCT.xlsx"
"K4_21778.5"	"K4"	"21778.5"	-29.28	-29.06	-16.115	-19.14	-23.0600000000001	-32.675	-31.575	-11.605	-15.005	-21.265	-17.285	-25.88	-35.465	-32.245	-25.38	-35.625	-26.005	-26.425	-29.585	-27.85	-20.335	-32.015	-15.44	-17.565	-29.29	-28.885	-15.19	-28.45	-25.535	-26.05	"ddCT.xlsx"
"K4_21780"	"K4"	"21780"	-29.28	-29.06	-12.815	-28.52	-9.96999999999995	-32.675	-31.575	-9.06500000000004	-12.875	-30.675	-13.655	-25.88	-19.725	-32.245	-25.38	-35.625	-26.005	-19.665	-29.585	-16.35	-12.765	-32.015	-25.54	-13.795	-29.29	-23.415	-17.89	-16.14	-25.535	-26.05	"ddCT.xlsx"
"K5_26145"	"K5"	"26145"	-24.61	-29.06	-21.245	-28.52	-20.8	-22.115	-31.575	-21.195	-22.345	-26.045	-21.655	-25.88	-24.885	-29.725	-25.38	-29.405	-26.005	-27.915	-24.085	-27.85	-21.385	-22.235	-20.34	-23.275	-29.29	-28.205	-31.52	-25.27	-25.535	-26.05	"ddCT.xlsx"
"K5_26200"	"K5"	"26200"	-16.7	-29.06	-10.255	-3.3	-11.4299999999999	-12.475	-17.985	-12.245	-14.345	-12.115	-14.175	-25.88	-17.375	-18.415	-25.38	-18.865	-26.005	-18.525	-29.585	-27.85	-11.085	-5.555	-10.22	-10.745	-20.06	-19.865	-13.72	-15	-25.535	-0.269999999999995	"ddCT.xlsx"
"K7_28624"	"K7"	"28624"	-29.28	-29.06	-1.165	-28.52	-5.7	-4.865	-31.575	-6.59500000000004	-7.08499999999997	-30.675	-5.455	-25.88	-9.33499999999999	-10.415	-25.38	-10.885	-26.005	-9.135	-29.585	-27.85	-3.58499999999996	-32.015	-25.54	-2.345	-7.55000000000002	-11.205	-11.01	-4.97	-25.535	-26.05	"ddCT.xlsx"
"K7_28694"	"K7"	"28694"	-0.15999999999999	-5.74	2.335	-1.28	2.73	-3.525	-9.40499999999998	0.715	0.0750000000000099	-2.425	-2.66500000000001	0.32	-3.065	-8.585	-25.38	-6.105	-26.005	-6.305	-2.765	-2.03	0.744999999999999	-2.865	3.86	1.02500000000001	-2.26999999999999	-9.105	0.33	0.129999999999999	-0.80500000000001	-0.449999999999995	"ddCT.xlsx"
"Orf16_30265"	"Orf16"	"30265"	-29.28	-29.06	-29.885	-28.52	-30.5	-8.60500000000004	-31.575	-4.555	-32.095	-30.675	-10.955	-25.88	-35.465	-32.245	-25.38	-9.085	-26.005	-9.72499999999998	-29.585	-27.85	-26.925	-32.015	-25.54	-4.27499999999999	-29.29	-12.425	-31.52	-28.45	-25.535	-26.05	"ddCT.xlsx"
"Orf16_30403"	"Orf16"	"30403"	-29.28	-29.06	-5.435	-28.52	-4.91	-10.185	-16.985	-6.66500000000004	-32.095	-8.99499999999998	-12.305	-25.88	-9.19499999999999	-32.245	-25.38	-25.115	-26.005	-11.125	-29.585	-27.85	-5.88499999999996	-32.015	-25.54	-4.225	-29.29	-17.855	-7.81000000000004	-28.45	-25.535	-26.05	"ddCT.xlsx"
"Orf17_31221"	"Orf17"	"31221"	-29.28	-29.06	-17.315	-28.52	-20.3500000000001	-32.675	-31.575	-14.615	-32.095	-30.675	-25.745	-25.88	-23.895	-32.245	-25.38	-29.065	-26.005	-37.145	-25.105	-27.85	-22.215	-32.015	-25.54	-18.765	-29.29	-33.305	-22.07	-24.86	-25.535	-26.05	"ddCT.xlsx"
"Orf17_31509"	"Orf17"	"31509"	-29.28	-29.06	-15.575	-21.25	-16.1099999999999	-18.935	-31.575	-18.375	-17.355	-23.645	-21.665	-25.88	-26.385	-32.245	-25.38	-26.565	-26.005	-23.985	-29.585	-27.85	-26.925	-19.485	-16.95	-17.815	-25.86	-27.925	-17.92	-17.82	-25.535	-26.05	"ddCT.xlsx"
"Orf17_31829"	"Orf17"	"31829"	-29.28	-29.06	-29.885	-14.5	-10.66	-9.02500000000004	-31.575	-11.315	-17.565	-30.675	-34.975	-25.88	-17.075	-32.245	-25.38	-35.625	-26.005	-13.955	-29.585	-27.85	-6.64499999999996	-32.015	-25.54	-9.34500000000001	-29.29	-37.525	-31.52	-28.45	-25.535	-8.38000000000003	"ddCT.xlsx"
"Orf17_32510"	"Orf17"	"32510"	-2.94999999999998	-29.06	-29.885	-28.52	-13.7100000000001	-7.655	-31.575	-8.70500000000004	-32.095	-8.15499999999998	-8.21500000000001	-25.88	-12.825	-32.245	-25.38	-35.625	-26.005	-13.315	-29.585	-27.85	-1.80500000000001	-22.445	-5.44	-6.92500000000001	-29.29	-17.325	-8.18000000000004	-28.45	-25.535	-26.05	"ddCT.xlsx"
"Orf18_32935"	"Orf18"	"32935"	-29.28	-29.06	-29.885	-28.52	-30.5	-32.675	-31.575	-30.705	-6.64499999999999	-9.61499999999998	-10.905	-5.04999999999999	-35.465	-8.70499999999999	-25.38	-13.065	-26.005	-11.455	-29.585	-27.85	-4.78499999999996	-32.015	-25.54	-5.82499999999999	-29.29	-17.105	-13.31	-5.21	-25.535	-26.05	"ddCT.xlsx"
"Orf4_2109"	"Orf4"	"2109"	-29.28	-29.06	-6.695	-28.52	-30.5	-11.035	-10.685	-10.045	-9.73499999999997	-14.945	-14.175	-25.88	-12.655	-14.145	-25.38	-12.405	-26.005	-12.105	-29.585	-27.85	-6.45499999999996	-11.415	-8.37	-9.54500000000001	-29.29	-13.995	-9.88000000000004	-28.45	-25.535	-26.05	"ddCT.xlsx"
"Orf4_2360"	"Orf4"	"2360"	-29.28	-5.24	-7.97499999999999	-28.52	-22.7899999999999	-8.43500000000004	-5.965	-7.27500000000004	-32.095	-30.675	-10.225	-25.88	-9.21499999999999	-8.57499999999999	-25.38	-9.215	-26.005	-9.86499999999998	-10.025	-27.85	-5.77499999999996	-32.015	-0.119999999999985	-6.735	-29.29	-11.335	-31.52	-5.37	-25.535	-1.68000000000001	"ddCT.xlsx"
"Orf4_2545"	"Orf4"	"2545"	-20.96	-29.06	-16.495	-15.83	-30.5	-17.395	-19.485	-21.055	-18.355	-18.155	-20.505	-21.52	-20.335	-21.885	-25.38	-18.905	-26.005	-21.645	-29.585	-27.85	-13.505	-16.245	-13.14	-17.795	-29.29	-22.825	-18.43	-19.2	-25.535	-26.05	"ddCT.xlsx"
"Orf18_33405"	"Orf18"	"33405"	-29.28	-29.06	-29.885	-28.52	-30.5	-32.675	-31.575	-30.705	-29.715	-30.675	-29.245	-25.88	-35.465	-32.245	-25.38	-35.625	-26.005	-37.145	-29.585	-27.85	-26.925	-27.455	-25.54	-29.495	-29.29	-37.525	-31.52	-28.45	-25.535	-26.05	"ddCT.xlsx"
"Orf20_34089"	"Orf20"	"34089"	-29.28	-29.06	-4.615	-28.52	-30.5	-9.90500000000004	-31.575	-7.04500000000004	-11.495	-5.535	-7.71500000000001	-25.88	-8.735	-32.245	-25.38	-35.625	-26.005	-10.835	-29.585	-27.85	-26.925	-32.015	-1.49000000000001	-3.65499999999999	-29.29	-14.835	-6.46	-3.25	-25.535	-26.05	"ddCT.xlsx"
"Orf20_34228"	"Orf20"	"34228"	-29.28	-29.06	-17.175	-28.52	-15.4699999999999	-23.555	-31.575	-25.085	-22.655	-30.675	-21.525	-25.88	-24.395	-32.245	-25.38	-23.145	-26.005	-22.045	-29.585	-27.85	-18.745	-32.015	-17.09	-17.375	-29.29	-27.355	-31.52	-28.45	-25.535	-26.05	"ddCT.xlsx"
"Orf20_34848"	"Orf20"	"34848"	-29.28	-29.06	-13.355	-28.52	-30.5	-18.135	-31.575	-12.965	-11.755	-11.185	-14.545	-25.88	-35.465	-32.245	-25.38	-19.835	-26.005	-16.595	-29.585	-27.85	-13.395	-32.015	-5.88000000000001	-15.655	-15.1	-21.015	-31.52	-11.23	-25.535	-26.05	"ddCT.xlsx"
"Orf20_35199"	"Orf20"	"35199"	-29.28	-29.06	-29.885	-28.52	-30.5	-32.675	-31.575	-30.705	-32.095	-30.675	-20.385	-25.88	-23.175	-32.245	-25.38	-35.625	-26.005	-24.335	-29.585	-27.85	-21.995	-32.015	-25.54	-18.355	-29.29	-24.945	-31.52	-28.45	-25.535	-26.05	"ddCT.xlsx"
"Orf20_35440"	"Orf20"	"35440"	-29.28	-29.06	-29.885	-28.52	-30.5	-32.675	-31.575	-12.995	-32.095	-30.675	-14.085	-25.88	-35.465	-32.245	-25.38	-35.625	-26.005	-14.735	-29.585	-27.85	-6.23499999999996	-32.015	-25.54	-9.805	-29.29	-22.085	-12.38	-28.45	-25.535	-26.05	"ddCT.xlsx"
"Orf21_36102.5"	"Orf21"	"36102.5"	-3.58999999999998	-20.43	-11.415	-12.05	-19.14	-6.295	-9.40499999999998	-15.785	-14.575	-14.145	-11.155	-6.52999999999999	-17.965	-15.485	-1.03	-9.115	-10.635	-16.685	-9.92500000000002	-9.37999999999996	-18.605	-8.89499999999998	-5.37	-9.765	-20.7	-30.195	-11.47	-4.23	-5.30500000000001	-1.68999999999999	"ddCT.xlsx"
"Orf21_36500"	"Orf21"	"36500"	-15.01	-29.06	-29.885	-28.52	-12.34	-32.675	-31.575	-18.035	-16.475	-30.675	-22.605	-25.88	-22.755	-32.245	-25.38	-35.625	-16.155	-21.985	-29.585	-27.85	-26.925	-24.745	-25.54	-15.275	-29.29	-37.525	-8.17000000000004	-28.45	-25.535	-26.05	"ddCT.xlsx"
"Orf21_36907"	"Orf21"	"36907"	-29.28	-29.06	-29.885	-2.86000000000001	-30.5	-27.315	-31.575	-27.025	-32.095	-30.675	-29.635	-25.88	-33.175	-32.245	-25.38	-33.445	-26.005	-32.565	-29.585	-27.85	-26.925	-26.005	-25.54	-26.675	-29.29	-34.315	-29.08	-28.45	-25.535	-26.05	"ddCT.xlsx"
"Orf22_38336"	"Orf22"	"38336"	-29.28	-29.06	-17.665	0.29	-30.5	-32.675	-7.55499999999998	-8.05500000000004	-6.345	-30.675	-19.605	-25.88	-30.325	-32.245	-6.89000000000001	-27.775	-26.005	-37.145	-29.585	-27.85	-26.925	-32.015	-20.76	-17.455	-24.01	-25.135	-13.04	-28.45	-25.535	-26.05	"ddCT.xlsx"
"Orf22_38441"	"Orf22"	"38441"	-29.28	-29.06	-9.16499999999999	-28.52	-15.3500000000001	-23.885	-31.575	-16.455	-32.095	-30.675	-12.885	-25.88	-35.465	-32.245	-25.38	-15.825	-26.005	-22.675	-29.585	-27.85	-26.925	-32.015	-25.54	-13.215	-29.29	-37.525	-9.76000000000004	-28.45	-25.535	-26.05	"ddCT.xlsx"
"Orf22_38857"	"Orf22"	"38857"	-29.28	-29.06	-29.885	-28.52	-30.5	-32.675	-31.575	-9.62500000000004	-32.095	-11.155	-11.435	-25.88	-35.465	-32.245	-25.38	-15.035	-26.005	-13.595	-29.585	-27.85	-10.255	-32.015	-25.54	-9.905	-29.29	-15.265	-13.73	-7.57	-25.535	-26.05	"ddCT.xlsx"
"Orf23_39603"	"Orf23"	"39603"	-29.28	-29.06	-29.885	-28.52	-30.5	-8.57500000000004	-31.575	-11.005	-9.05499999999997	-7.43499999999998	-10.505	-25.88	-35.465	-32.245	-25.38	-11.835	-26.005	-14.345	-29.585	-27.85	-7.32499999999996	-32.015	-25.54	-7.92500000000001	-29.29	-18.735	-9.08000000000004	-28.45	-25.535	-26.05	"ddCT.xlsx"
"Orf23_39786"	"Orf23"	"39786"	-29.28	-29.06	-10.245	-28.52	-7.06000000000005	-32.675	-31.575	-30.705	-32.095	-30.675	-12.275	-25.88	-12.375	-32.245	-25.38	-17.145	-26.005	-14.785	-29.585	-27.85	-5.25499999999996	-32.015	-5.81000000000001	-7.445	-29.29	-19.115	-31.52	-28.45	-25.535	-26.05	"ddCT.xlsx"
"Orf24_41283"	"Orf24"	"41283"	-29.28	-29.06	-19.295	-28.52	-18.3599999999999	-19.295	-31.575	-24.905	-32.095	-30.675	-22.575	-25.88	-27.225	-32.245	-25.38	-26.055	-26.005	-27.505	-29.585	-27.85	-26.925	-32.015	-14.86	-18.655	-29.29	-29.225	-17.95	-28.45	-25.535	-26.05	"ddCT.xlsx"
"Orf24_41630"	"Orf24"	"41630"	-29.28	-29.06	-29.885	-28.52	-30.5	-23.665	-31.575	-15.995	-32.095	-30.675	-25.685	-25.88	-23.025	-32.245	-25.38	-30.115	-26.005	-22.515	-29.585	-27.85	-26.925	-32.015	-25.54	-15.915	-29.29	-26.095	-17.87	-28.45	-25.535	-26.05	"ddCT.xlsx"
"Orf25_45767"	"Orf25"	"45767"	-29.28	-29.06	-29.885	-28.52	-30.5	-20.905	-31.575	-11.975	-32.095	-16.505	-16.835	-25.88	-35.465	-32.245	-25.38	-35.625	-26.005	-18.135	-29.585	-27.85	-26.925	-32.015	-25.54	-16.355	-29.29	-21.075	-14.36	-28.45	-25.535	-26.05	"ddCT.xlsx"
"Orf25_46047"	"Orf25"	"46047"	-29.28	-29.06	-9.96499999999999	-28.52	-7.75999999999995	-32.675	-31.575	-7.44500000000004	-9.85499999999997	-30.675	-12.865	-25.88	-18.005	-32.245	-25.38	-20.435	-26.005	-24.365	-29.585	-27.85	-26.925	-32.015	-5.89000000000001	-8.70500000000001	-29.29	-18.065	-7.05	-28.45	-25.535	-26.05	"ddCT.xlsx"
"Orf25_46332"	"Orf25"	"46332"	-29.28	-29.06	-29.885	-28.52	-30.5	-19.615	-31.575	-30.705	-18.805	-18.425	-21.925	-25.88	-24.205	-32.245	-25.38	-27.985	-26.005	-37.145	-29.585	-27.85	-15.855	-32.015	-14.09	-16.935	-29.29	-26.845	-14.51	-28.45	-25.535	-26.05	"ddCT.xlsx"
"Orf26_47239"	"Orf26"	"47239"	-29.28	-29.06	-29.885	-2.69000000000001	-30.5	-32.675	-31.575	-30.705	-28.805	-30.675	-34.975	-25.88	-35.465	-32.245	-25.38	-35.625	-26.005	-37.145	-29.585	-27.85	-26.925	-32.015	-25.54	-32.025	-29.29	-37.525	-31.52	-28.45	-25.535	-26.05	"ddCT.xlsx"
"Orf26_47305"	"Orf26"	"47305"	-29.28	-29.06	-14.425	-28.52	-13.7100000000001	-16.395	-31.575	-18.005	-16.695	-14.945	-16.745	-25.88	-21.355	-32.245	-25.38	-18.845	-26.005	-19.625	-15.335	-27.85	-13.745	-32.015	-25.54	-15.405	-18.21	-37.525	-16.06	-15.15	-25.535	-26.05	"ddCT.xlsx"
"Orf27_48071"	"Orf27"	"48071"	-29.28	-29.06	-24.115	-28.52	-26.6300000000001	-32.675	-31.575	-23.045	-17.975	-18.935	-23.255	-25.88	-27.225	-32.245	-25.38	-26.275	-26.005	-30.945	-29.585	-27.85	-26.925	-32.015	-25.54	-21.715	-24.04	-31.175	-23.14	-28.45	-25.535	-26.05	"ddCT.xlsx"
"Orf27_48265"	"Orf27"	"48265"	-29.28	-29.06	-3.575	-28.52	-11.7199999999999	-14.435	-31.575	-15.295	-10.935	-30.675	-13.715	-16.08	-16.425	-32.245	-25.38	-16.185	-26.005	-16.815	-13.285	-27.85	-7.68499999999996	-17.275	-8.40000000000001	-11.965	-29.29	-20.205	-15.11	-8.32	-25.535	-26.05	"ddCT.xlsx"
"Orf6_5672"	"Orf6"	"5672"	-29.28	-29.06	-3.755	-28.52	-5.71	-10.505	-31.575	-10.415	-7.74499999999997	-8.33499999999998	-10.235	-25.88	-11.755	-32.245	-25.38	-11.355	-26.005	-12.085	-29.585	-9.33999999999996	-3.83499999999996	-9.39499999999998	-4.90000000000001	-7.875	-8.71000000000002	-13.785	-7.27	-28.45	-25.535	-26.05	"ddCT.xlsx"
"Orf6_5859"	"Orf6"	"5859"	-13.78	-29.06	-2.125	-28.52	-2.22	-23.525	-5.915	-4.915	-4.85499999999999	-5.035	-6.66500000000001	-25.88	-6.865	-12.015	-11.18	-8.465	-26.005	-8.115	-5.56500000000002	-27.85	1.485	-22.235	-0.419999999999995	-3.27499999999999	-4.86	-10.145	-4.48	-1.73	-25.535	-6.83000000000002	"ddCT.xlsx"
"Orf6_5921"	"Orf6"	"5921"	-29.28	-29.06	-8.78499999999999	-7.77999999999998	-4.88	-11.525	-31.575	-6.08500000000004	-6.49499999999999	-6.76500000000001	-7.905	-25.88	-10.325	-12.495	-25.38	-9.205	-26.005	-9.78499999999998	-29.585	-27.85	-1.30500000000001	-9.62499999999998	-4.26000000000001	-4.405	-10.87	-11.455	-7.32	-4.4	-25.535	-4.80000000000003	"ddCT.xlsx"
"Orf29_49612"	"Orf29"	"49612"	-29.28	-29.06	-9.78499999999999	-28.52	-8.38000000000005	-11.235	-31.575	-9.93500000000004	-32.095	-30.675	-11.605	-25.88	-15.385	-32.245	-25.38	-14.875	-26.005	-14.445	-11.295	-27.85	-26.925	-15.685	-25.54	-11.435	-29.29	-19.195	-8.20000000000004	-28.45	-25.535	-26.05	"ddCT.xlsx"
"Orf29_49613"	"Orf29"	"49613"	-29.28	-29.06	-29.885	-28.52	-8.15999999999995	-12.345	-11.325	-10.495	-32.095	-30.675	-13.815	-25.88	-35.465	-32.245	-25.38	-35.625	-26.005	-19.575	-29.585	-27.85	-26.925	-9.69499999999998	-5.1	-10.405	-29.29	-18.165	-10.38	-28.45	-25.535	-26.05	"ddCT.xlsx"
"Orf30_50891"	"Orf30"	"50891"	-29.28	-29.06	-29.885	-28.52	-14.8500000000001	-32.675	-31.575	-17.055	-15.585	-30.675	-20.485	-25.88	-23.205	-32.245	-25.38	-21.175	-26.005	-23.965	-20.985	-27.85	-20.235	-32.015	-25.54	-19.125	-29.29	-30.905	-16.3	-28.45	-25.535	-26.05	"ddCT.xlsx"
"Orf30_50984"	"Orf30"	"50984"	-29.28	-29.06	-29.885	-28.52	-17.64	-12.435	-31.575	-15.405	-14.705	-12.755	-14.305	-14.31	-18.025	-32.245	-25.38	-21.535	-26.005	-19.745	-29.585	-27.85	-12.485	-32.015	-25.54	-14.555	-24.02	-20.935	-11.75	-14.81	-25.535	-26.05	"ddCT.xlsx"
"Orf30_51123"	"Orf30"	"51123"	-29.28	-29.06	-15.845	-28.52	-9.42999999999995	-18.295	-31.575	-14.835	-14.625	-18.105	-23.605	-25.88	-20.455	-32.245	-25.38	-23.075	-26.005	-21.735	-29.585	-27.85	-26.925	-32.015	-25.54	-21.195	-29.29	-24.885	-15.97	-28.45	-25.535	-26.05	"ddCT.xlsx"
"Orf32_51996"	"Orf32"	"51996"	-29.28	-29.06	-29.885	-28.52	-17.95	-16.035	-31.575	-17.975	-32.095	-19.225	-16.785	-25.88	-35.465	-19.525	-25.38	-35.625	-26.005	-21.985	-29.585	-27.85	-19.785	-32.015	-25.54	-15.345	-29.29	-37.525	-15.5	-28.45	-25.535	-26.05	"ddCT.xlsx"
"Orf32_52203"	"Orf32"	"52203"	-29.28	-29.06	-20.875	-17.44	-19.09	-19.335	-17.245	-30.705	-20.725	-22.295	-34.975	-25.88	-35.465	-32.245	-25.38	-23.055	-26.005	-37.145	-29.585	-27.85	-19.575	-20.605	-17.37	-22.405	-29.29	-34.185	-18.43	-28.45	-25.535	-26.05	"ddCT.xlsx"
"Orf32_52828"	"Orf32"	"52828"	-20.66	-29.06	-21.665	-28.52	-16.02	-21.645	-31.575	-19.475	-17.745	-30.675	-19.765	-25.88	-23.985	-32.245	-25.38	-23.815	-26.005	-22.635	-29.585	-27.85	-26.925	-19.475	-14.98	-21.205	-29.29	-28.795	-19.12	-28.45	-25.535	-26.05	"ddCT.xlsx"
"Orf32_53424"	"Orf32"	"53424"	-29.28	-29.06	-18.475	-14.06	-30.5	-18.995	-31.575	-20.355	-32.095	-30.675	-19.615	-25.88	-22.655	-32.245	-25.38	-23.555	-26.005	-21.985	-17.735	-27.85	-26.925	-16.935	-25.54	-18.245	-20.74	-37.525	-13.71	-28.45	-25.535	-26.05	"ddCT.xlsx"
"Orf29_54355"	"Orf29"	"54355"	-25.08	-29.06	-13.775	-22.2	-30.5	-19.255	-31.575	-30.705	-28.245	-16.285	-17.335	-25.88	-15.725	-32.245	-25.38	-35.625	-11.735	-25.975	-29.585	-27.85	-26.925	-16.655	-25.54	-16.275	-29.29	-37.525	-27.32	-18.94	-25.535	-26.05	"ddCT.xlsx"
"Orf34_55359"	"Orf34"	"55359"	-29.28	-29.06	-29.885	-28.52	-30.5	-24.345	-31.575	-16.405	-32.095	-30.675	-26.505	-25.88	-26.015	-32.245	-25.38	-25.625	-26.005	-23.455	-29.585	-27.85	-26.925	-32.015	-25.54	-20.255	-29.29	-27.295	-31.52	-28.45	-25.535	-26.05	"ddCT.xlsx"
"Orf34_55680"	"Orf34"	"55680"	-8.17999999999998	-29.06	-29.885	-9.43999999999998	-6.39	-10.785	-14.315	-9.03500000000004	-8.59499999999997	-9.91499999999998	-9.965	-25.88	-13.725	-32.245	-25.38	-14.435	-26.005	-13.565	-29.585	-27.85	-5.53499999999996	-32.015	-3.69	-8.575	-29.29	-19.815	-7.89000000000004	-28.45	-25.535	-26.05	"ddCT.xlsx"
"Orf36_56488"	"Orf36"	"56488"	-29.28	-29.06	-29.885	-28.52	-30.5	-32.675	-31.575	-30.705	-32.095	-30.675	-34.975	-25.88	-35.465	-32.245	-25.38	-35.625	-26.005	-37.145	-29.585	-27.85	-26.925	-32.015	-25.54	-32.025	-29.29	-37.525	-31.52	-28.45	-25.535	-26.05	"ddCT.xlsx"
"Orf36_56709"	"Orf36"	"56709"	-22.78	-29.06	-27.355	-28.52	-17.37	-24.875	-31.575	-21.585	-18.305	-28.435	-30.075	-25.88	-35.465	-32.245	-25.38	-35.625	-26.005	-26.835	-29.585	-27.85	-26.925	-32.015	-25.54	-27.845	-29.29	-37.525	-31.52	-28.45	-25.535	-20.53	"ddCT.xlsx"
"Orf37_57765"	"Orf37"	"57765"	-11.8	-29.06	-10.285	-9.37999999999998	-4.36	-11.215	-9.41499999999998	-7.60500000000004	-9.58499999999997	-30.675	-11.645	-25.88	-14.115	-32.245	-25.38	-14.575	-26.005	-13.895	-29.585	-10.09	-5.41499999999996	-12.945	-6.23000000000001	-8.785	-29.29	-18.905	-8.17000000000004	-28.45	-25.535	-26.05	"ddCT.xlsx"
"Orf37_58237"	"Orf37"	"58237"	-5.65999999999998	-29.06	-10.305	-28.52	-4.06	-13.135	-10.065	-5.195	-8.82499999999997	-30.675	-12.295	-8.85999999999999	-14.425	-14.725	-25.38	-17.575	-26.005	-13.545	-9.98500000000002	-7.18999999999996	-5.50499999999996	-32.015	-10.96	-8.995	-9.91000000000002	-17.955	-7.04	-28.45	-25.535	-3.97000000000003	"ddCT.xlsx"
"Orf7_8189"	"Orf7"	"8189"	-29.28	-7.69000000000001	-29.885	-28.52	-30.5	-6.44500000000001	-6.095	-4.545	-4.515	-4.435	-6.36500000000001	-25.88	-6.655	-32.245	-25.38	-5.315	-26.005	-8.115	-29.585	-27.85	1.455	-32.015	1.59000000000001	-3.74499999999999	-4.93	-9.235	-7.83000000000004	-28.45	-25.535	-26.05	"ddCT.xlsx"
"Orf7_8314"	"Orf7"	"8314"	-7.93999999999998	-29.06	-4.085	-5.98999999999998	-9.25999999999995	-9.48500000000004	-31.575	-30.705	-32.095	-7.37499999999998	-9.615	-25.88	-11.325	-9.46499999999999	-25.38	-8.225	-26.005	-11.405	-29.585	-27.85	-1.69500000000001	-12.655	-0.309999999999995	-5.67499999999999	-18.07	-11.985	-7.94000000000004	-28.45	-25.535	-26.05	"ddCT.xlsx"
"Orf7_8384"	"Orf7"	"8384"	-21.68	-29.06	-20.665	-28.52	-22.26	-24.265	-31.575	-27.375	-27.025	-24.245	-27.405	-25.88	-28.245	-29.575	-25.38	-26.215	-26.005	-29.625	-29.585	-27.85	-24.635	-24.005	-25.54	-25.465	-29.29	-32.175	-22.31	-28.45	-25.535	-26.05	"ddCT.xlsx"
"Orf39_59355"	"Orf39"	"59355"	-29.28	-29.06	-25.125	-28.52	-23.25	-28.235	-31.575	-28.005	-25.725	-30.675	-27.205	-25.88	-35.465	-32.245	-25.38	-35.625	-26.005	-34.605	-29.585	-27.85	-26.925	-28.215	-25.54	-32.025	-29.29	-37.525	-24.89	-28.45	-25.535	-26.05	"ddCT.xlsx"
"Orf39_60036"	"Orf39"	"60036"	-29.28	-29.06	-17.325	-28.52	-18.02	-19.655	-31.575	-20.905	-32.095	-30.675	-19.255	-25.88	-27.405	-32.245	-25.38	-27.465	-26.005	-23.915	-17.965	-27.85	-26.925	-32.015	-16.78	-21.135	-29.29	-31.905	-23.7	-28.45	-25.535	-26.05	"ddCT.xlsx"
"Orf40_60631"	"Orf40"	"60631"	-8.79999999999998	-29.06	-10.045	-28.52	-30.5	-10.955	-11.425	-13.005	-15.395	-30.675	-31.165	-25.88	-15.845	-32.245	-25.38	-15.205	-26.005	-16.565	-29.585	-27.85	-26.925	-11.505	-25.54	-12.825	-29.29	-20.015	-8.37000000000004	-28.45	-25.535	-26.05	"ddCT.xlsx"
"Orf40_61209"	"Orf40"	"61209"	-29.28	-29.06	-29.885	-28.52	-30.5	-16.265	-31.575	-16.695	-32.095	-15.285	-20.825	-25.88	-22.035	-32.245	-25.38	-17.515	-26.005	-21.105	-29.585	-27.85	-26.925	-14.475	-25.54	-16.925	-29.29	-28.685	-31.52	-28.45	-25.535	-26.05	"ddCT.xlsx"
"Orf40_61476"	"Orf40"	"61476"	-29.28	-29.06	-9.41499999999999	-28.52	-30.5	-12.105	-31.575	-30.705	-32.095	-11.005	-14.595	-25.88	-14.095	-32.245	-25.38	-16.475	-26.005	-19.885	-29.585	-27.85	-26.925	-10.595	-25.54	-10.895	-29.29	-18.965	-31.52	-28.45	-25.535	-26.05	"ddCT.xlsx"
"Orf40_62028"	"Orf40"	"62028"	-29.28	-29.06	-29.885	-28.52	-30.5	-9.97500000000004	-31.575	-30.705	-32.095	-30.675	-16.095	-25.88	-35.465	-32.245	-25.38	-14.955	-26.005	-19.395	-29.585	-27.85	-26.925	-32.015	-6.40000000000001	-10.525	-29.29	-19.435	-16.87	-28.45	-25.535	-7.26000000000002	"ddCT.xlsx"
"Orf40_62161"	"Orf40"	"62161"	-13.57	-3.76000000000001	-5.505	-9.15999999999998	-30.5	-6.655	-25.225	-7.01500000000004	-8.46499999999997	-30.675	-7.93500000000001	-25.88	-8.875	-6.72499999999999	1.16999999999999	-7.815	1.145	-6.805	-2.355	-14.67	-24.825	-21.805	-4.32000000000001	-9.965	-6.46000000000002	-10.825	-5.82	-15.94	-16.295	-26.05	"ddCT.xlsx"
"Orf42_62756"	"Orf42"	"62756"	-29.28	-29.06	-15.135	-28.52	-15.89	-14.555	-31.575	-19.235	-14.065	-30.675	-18.595	-25.88	-20.175	-32.245	-25.38	-27.415	-26.005	-19.895	-29.585	-27.85	-11.745	-32.015	-25.54	-15.845	-29.29	-20.915	-16.34	-28.45	-25.535	-26.05	"ddCT.xlsx"
"Orf42_62756.5"	"Orf42"	"62756.5"	-29.28	-29.06	-3.325	-3.88	-5.67	-4.575	-6.71499999999998	-4.115	-32.095	-24.545	-6.77500000000001	-25.88	-7.075	-32.245	1.3	-6.875	1.415	-5.975	-2.945	-27.85	-1.925	-32.015	-25.54	-3.185	-29.29	-9.115	-5.92	-28.45	-25.535	-26.05	"ddCT.xlsx"
"Orf42_62906.5"	"Orf42"	"62906.5"	-29.28	-29.06	-29.885	-4.86999999999998	-6.06	-5.01500000000001	-31.575	-30.705	-32.095	-4.105	-7.81500000000001	-25.88	-7.845	-32.245	-0.14	-9.165	-1.455	-6.435	-4.785	-1.84000000000001	-2.52500000000001	-32.015	-2.18000000000001	-4.485	-29.29	-9.735	-5.96	-25.43	-17.045	-19.92	"ddCT.xlsx"
"Orf43_63104"	"Orf43"	"63104"	-0.74999999999999	-0.459999999999998	-0.675	-28.52	-3.7	-4.655	-5.805	-3.845	-6.78499999999999	-1.455	-5.945	-25.88	-7.455	-3.545	6.02	-4.375	5.325	-5.655	1.155	1.18	-2.575	-32.015	-1.48000000000001	-3.83499999999999	-4.75	-9.125	-6.44	-28.45	-25.535	-26.05	"ddCT.xlsx"
"Orf42_63104.5"	"Orf42"	"63104.5"	-29.28	-29.06	-29.885	-28.52	-24.3100000000001	-21.285	-31.575	-20.845	-21.865	-30.675	-23.415	-25.88	-28.985	-32.245	-25.38	-24.745	-26.005	-21.725	-29.585	-27.85	-26.925	-21.715	-25.54	-16.465	-29.29	-24.335	-20.85	-28.45	-25.535	-26.05	"ddCT.xlsx"
"Orf43_63567"	"Orf43"	"63567"	-0.8	-29.06	-3.285	-28.52	-4.95	-4.175	-4.995	-30.705	-4.705	-30.675	-6.815	-25.88	-7.735	-32.245	-25.38	-8.045	-11.545	-5.485	-29.585	-27.85	-0.30500000000001	-32.015	-25.54	-3.595	-29.29	-8.475	-6.15	-28.45	-25.535	-26.05	"ddCT.xlsx"
"Orf43_63567.5"	"Orf43"	"63567.5"	-29.28	-29.06	-6.82499999999999	-28.52	-7.84000000000005	-7.065	-31.575	-7.40500000000004	-7.49499999999997	-28.455	-13.145	-25.88	-14.865	-32.245	-25.38	-14.075	-26.005	-10.965	-29.585	-27.85	-7.60499999999996	-32.015	-6.45	-6.67500000000001	-29.29	-14.795	-8.01000000000004	-28.45	-25.535	-26.05	"ddCT.xlsx"
"Orf43_63853"	"Orf43"	"63853"	-2.16	-29.06	-2.365	-28.52	-28.25	-5.825	-19.405	-26.645	-6.57499999999999	-3.385	-5.89500000000001	-13.41	-8.175	-28.135	2.02	-8.165	1.625	-5.645	-2.755	-15.68	-1.05500000000001	-21.975	-1.11999999999999	-3.895	-29.29	-10.365	-6.06	-25.35	-8.86500000000001	-26.05	"ddCT.xlsx"
"Orf43_64036"	"Orf43"	"64036"	-29.28	-29.06	-27.785	-28.52	-21.1700000000001	-26.145	-29.265	-20.905	-19.735	-30.675	-29.445	-25.88	-35.465	-32.245	-25.38	-29.065	-26.005	-24.535	-29.585	-27.85	-26.925	-32.015	-25.54	-24.255	-20.94	-37.525	-20.31	-24.66	-25.535	-26.05	"ddCT.xlsx"
"Orf43_64036.5"	"Orf43"	"64036.5"	-29.28	-29.06	-21.795	-28.52	-30.5	-5.315	-22.195	-5.435	-5.615	-30.675	-8.42500000000001	-23.32	-7.455	-32.245	-0.73	-9.755	-1.495	-5.725	-22.485	-27.85	-3.12500000000001	-5.735	-2.16000000000001	-9.29500000000001	-22.54	-9.125	-6.9	-28.45	-25.535	-26.05	"ddCT.xlsx"
"Orf44_66282"	"Orf44"	"66282"	-11.88	-3.6	-3.675	-3.49	-5.47	-3.655	-15.505	-4.455	-7.57499999999997	-3.455	-6.36500000000001	-15.77	-9.71499999999999	-18.955	-1.31	-8.085	-0.735000000000001	-5.855	-2.735	-13.12	-26.925	-20.445	-25.54	-2.85499999999999	-11.75	-8.105	-5.89	-3.42	-12.915	-16.68	"ddCT.xlsx"
"Orf44_66282.5"	"Orf44"	"66282.5"	-29.28	-29.06	-13.395	-28.52	-30.5	-9.94500000000004	-31.575	-30.705	-12.435	-30.675	-15.505	-25.88	-13.725	-32.245	-25.38	-17.955	-26.005	-14.595	-29.585	-27.85	-8.31499999999996	-32.015	-25.54	-10.005	-29.29	-19.045	-11.48	-28.45	-25.535	-26.05	"ddCT.xlsx"
"Orf44_66755"	"Orf44"	"66755"	-8.05999999999998	-3.72	-4.265	-5.11999999999998	-6.61999999999995	-5.535	-31.575	-5.105	-6.95499999999997	-3.605	-7.525	-25.88	-10.025	-14.795	1.69	-8.165	0.264999999999999	-7.725	-2.695	-2.16000000000001	-26.925	-32.015	-25.54	-3.90499999999999	-5.48000000000002	-10.605	-7.90000000000004	-25.92	-25.535	-26.05	"ddCT.xlsx"
"Orf44_66755.5"	"Orf44"	"66755.5"	-29.28	-29.06	-3.285	-3	-4.46	-3.265	-6.135	-6.72500000000004	-6.94499999999997	-30.675	-9.945	-25.88	-8.715	-32.245	-25.38	-8.555	-26.005	-8.345	-29.585	-27.85	-0.0250000000000101	-5.715	-25.54	-2.935	-29.29	-9.825	-3.87	-28.45	-25.535	-26.05	"ddCT.xlsx"
"Orf44_67024"	"Orf44"	"67024"	-2.12	-15.58	-1.435	-6.33999999999998	-4.96	-4.725	-9.47499999999998	-3.035	-9.80499999999997	-5.605	-6.61500000000001	-7.44999999999999	-7.155	-11.095	2.23999999999999	-8.115	2.725	-6.105	-1.905	-0.35	-1.34500000000001	-9.34499999999998	-6.06000000000001	-3.36499999999999	-7.30000000000002	-9.325	-6.42	-6.22	-3.36500000000001	-6.91000000000003	"ddCT.xlsx"
"Orf44_67024.5"	"Orf44"	"67024.5"	-29.28	-29.06	-11.245	-28.52	-30.5	-6.625	-31.575	-10.015	-6.75499999999999	-30.675	-11.165	-25.88	-11.395	-32.245	-25.38	-11.855	-26.005	-10.805	-29.585	-27.85	-26.925	-32.015	-25.54	-6.395	-29.29	-14.985	-6.43	-6.43	-25.535	-4.94000000000002	"ddCT.xlsx"
"Orf45_67845"	"Orf45"	"67845"	-1.08999999999999	-1.85	-1.625	-19.93	-2.56	-3.485	-6.285	-3.395	-4.67499999999999	-4.205	-4.625	-2.44000000000001	-7.625	-5.89499999999999	3.06	-6.255	2.425	-4.615	-1.315	0.43	1.325	-7.445	0.970000000000004	-1.24499999999999	-3.11999999999999	-8.865	-4.65	-3.33	-11.075	-15.49	"ddCT.xlsx"
"Orf45_67845.5"	"Orf45"	"67845.5"	-11.92	-29.06	-0.645	-28.52	-0.14	-1.815	-3.475	-1.165	-2.795	-30.675	-4.195	-25.88	-5.805	-5.51500000000001	-25.38	-5.875	-21.815	-5.735	-19.885	-27.85	2.425	-32.015	2.5	0.124999999999996	-29.29	-8.705	-2.95	-0.130000000000001	-25.535	-16.02	"ddCT.xlsx"
"Orf45_68227"	"Orf45"	"68227"	1.39000000000001	-3.64	0.125	-1.48	-3.13	-2.355	-2.875	-2.895	-2.615	-1.115	-2.835	0	-5.245	-3.735	2.11	-5.055	5.595	-3.025	-1.335	1.34	1.985	-4.515	1.58	-0.424999999999994	-0.27999999999999	-6.525	-2.68	-0.530000000000001	1.10500000000001	0.520000000000005	"ddCT.xlsx"
"Orf45_68227.5"	"Orf45"	"68227.5"	-0.999999999999989	-9.29	-1.545	-0.26	0.87	-0.545	-1.555	-1.085	-1.395	-1.595	-3.43500000000001	-1.24	-4.145	-5.78499999999999	1.16	-3.905	3.185	-5.055	-1.525	0.91	3.72499999999999	-2.185	4.61	1.015	-1.09	-6.955	-1.99	1.06	3.49500000000001	1.17	"ddCT.xlsx"
"Orf45_68463"	"Orf45"	"68463"	-4.14999999999998	-13.48	-9.14499999999999	-4.06	-5.38	-7.505	-8.24499999999998	-4.525	-9.00499999999997	-27.875	-17.455	-14.24	-9.80499999999999	-5.12500000000001	5.8	-4.575	4.575	-5.945	1.215	-0.18	-3.115	-5.725	-10.3	-19.815	-2.88	-10.485	-8.60000000000004	-3.62	-3.97500000000001	-11.67	"ddCT.xlsx"
"Orf46_69318"	"Orf46"	"69318"	-4.66999999999998	-23.82	-3.355	-6.26999999999998	-4.24	-7.155	-11.545	-14.235	-4.695	-3.285	-11.575	-11.24	-7.035	-9.74499999999999	3.42	-5.595	2.595	-4.785	-0.915	-2.58	-0.865	-6.995	-3.81000000000001	-1.85499999999999	-4.78	-7.815	-4.15	-3.02	-8.24500000000001	-12.68	"ddCT.xlsx"
"Orf47_69635"	"Orf47"	"69635"	-5.70999999999998	-15.3	-6.355	-7.43999999999998	-4.11	-7.485	-5.265	-11.205	-5.53499999999999	-13.465	-8.335	-5.21999999999999	-8.685	-5.11499999999999	1.66999999999999	-6.585	2.295	-4.545	-2.285	-2.35	-0.755000000000001	-11.315	-1.15	-2.35499999999999	-6.48000000000002	-7.845	-4.21	-5.86	-6.98500000000001	-7.44000000000002	"ddCT.xlsx"
"Orf47_69635.5"	"Orf47"	"69635.5"	-29.28	-29.06	-20.615	-28.52	-16.65	-32.675	-14.955	-14.115	-18.375	-30.675	-18.535	-25.88	-20.995	-32.245	-25.38	-20.395	-26.005	-20.645	-29.585	-19.08	-10.685	-32.015	-25.54	-15.565	-29.29	-24.025	-16.22	-14.44	-25.535	-26.05	"ddCT.xlsx"
"Orf47_69773"	"Orf47"	"69773"	-29.28	-29.06	-16.475	-28.52	-12.1099999999999	-32.675	-31.575	-17.105	-16.495	-14.985	-15.135	-25.88	-16.395	-32.245	-25.38	-20.465	-26.005	-15.915	-29.585	-10.8	-11.165	-13.935	-13.13	-12.815	-29.29	-21.245	-15.71	-28.45	-25.535	-26.05	"ddCT.xlsx"
"Orf47_69773.5"	"Orf47"	"69773.5"	-29.28	-29.06	-29.885	-28.52	-3.31	-32.675	-4.695	-4.295	-3.945	-1.445	-4.705	-25.88	-6.295	-23.795	3.36	-5.495	2.925	-4.795	-0.565	-1.32	0.614999999999999	-32.015	-0.849999999999996	-2.42499999999999	-29.29	-7.985	-5.68	-3.35	-8.58500000000001	-26.05	"ddCT.xlsx"
"Orf8_10202"	"Orf8"	"10202"	-11.75	-29.06	-8.23499999999999	-28.52	-30.5	-11.255	-7.25499999999998	-11.465	-10.425	-8.12499999999998	-9.735	-25.88	-19.955	-32.245	-25.38	-11.245	-26.005	-13.465	-11.415	-27.85	-7.23499999999996	-11.985	-1.48000000000001	-11.185	-29.29	-13.465	-31.52	-28.45	-25.535	-26.05	"ddCT.xlsx"
"Orf8_10467"	"Orf8"	"10467"	-29.28	-29.06	-11.285	-28.52	-5.03	-32.675	-7.30499999999998	-8.62500000000004	-9.05499999999997	-12.885	-11.125	-12.79	-13.765	-13.875	-25.38	-13.515	-26.005	-13.975	-6.89500000000002	-27.85	-7.31499999999996	-7.365	-2.92000000000001	-7.66500000000001	-29.29	-12.985	-31.52	-28.45	-25.535	-26.05	"ddCT.xlsx"
"Orf8_10765"	"Orf8"	"10765"	-29.28	-29.06	-5.245	-7.35999999999998	-10.0300000000001	-11.885	-5.735	-6.32500000000004	-8.78499999999997	-9.40499999999998	-9.355	-25.88	-12.725	-32.245	-25.38	-14.485	-26.005	-13.965	-11.415	-27.85	-5.74499999999996	-25.335	-3.88000000000001	-6.375	-8.76000000000002	-14.815	-8.65000000000004	-9.85	-25.535	-26.05	"ddCT.xlsx"
"Orf48_70402"	"Orf48"	"70402"	-1.81999999999999	-14.7	-2.775	-28.52	-4.64	-32.675	-5.865	-4.555	-4.055	-3.605	-5.52500000000001	-25.88	-6.415	-5.84500000000001	3.7	-6.025	2.545	-5.055	-1.105	-0.32	-0.835000000000001	-32.015	-1.11999999999999	-2.395	-3.13	-8.135	-5.21	-4.02	-25.535	-26.05	"ddCT.xlsx"
"Orf48_70402.5"	"Orf48"	"70402.5"	-29.28	-29.06	-29.885	-6.23999999999998	-15.8599999999999	-32.675	-31.575	-15.275	-32.095	-30.675	-15.795	-25.88	-15.935	-32.245	-25.38	-20.505	-26.005	-20.585	-29.585	-27.85	-11.245	-32.015	-14.81	-15.435	-29.29	-21.865	-21.96	-28.45	-25.535	-26.05	"ddCT.xlsx"
"Orf48_71056"	"Orf48"	"71056"	-1.17999999999999	-4.88	-3.825	-3.96	-4.47	-9.01500000000004	-4.675	-6.69500000000004	-5.595	-3.495	-6.195	-2.63	-6.825	-24.635	-5.37000000000001	-6.285	-5.645	-5.055	-4.605	-0.34000000000001	-0.55500000000001	-8.025	0.910000000000014	-1.895	-5.84000000000002	-8.465	-4.37	-3.7	-15.835	-10.33	"ddCT.xlsx"
"Orf48_71267.5"	"Orf48"	"71267.5"	-29.28	-29.06	-21.425	-28.52	-6.35	-10.305	-5.965	-6.10500000000004	-4.915	-17.325	-8.35500000000001	-25.88	-6.795	-6.80500000000001	-10.97	-6.695	-16.785	-5.145	-3.875	-27.85	-6.21499999999996	-32.015	-2.32000000000001	-10.935	-3.19999999999999	-8.475	-4.88	-28.45	-25.535	-26.05	"ddCT.xlsx"
"Orf49_71851"	"Orf49"	"71851"	0.17	0.049999999999999	-0.205	-0.90000000000001	-2.94	-5.26500000000001	-3.235	-2.345	-3.735	-0.615	-4.73500000000001	0.45	-6.465	-2.64499999999999	5.54	-4.315	5.185	-5.105	1.535	1.68	-0.755000000000001	-4.125	0.540000000000004	-2.375	-0.16	-7.665	-4.74	-1.6	1.87500000000001	0.0600000000000049	"ddCT.xlsx"
"Orf49_71851.5"	"Orf49"	"71851.5"	-29.28	-29.06	-29.885	-28.52	-9.06000000000005	-32.675	-31.575	-14.445	-12.585	-30.675	-12.425	-20.8	-13.065	-32.245	-25.38	-15.155	-26.005	-16.465	-29.585	-27.85	-7.39499999999996	-14.565	-5.54000000000001	-8.88500000000001	-29.29	-16.965	-13	-15.82	-25.535	-26.05	"ddCT.xlsx"
"Orf49_72196"	"Orf49"	"72196"	-6.19999999999998	-5.57	-3.685	-7.98999999999998	-10.19	-12.675	-6.235	-4.095	-3.595	-2.605	-4.39500000000001	-5.73999999999999	-5.715	-12.735	2.07	-5.985	3.445	-5.005	-2.385	-4.47999999999996	-0.0250000000000101	-13.365	0.650000000000004	-1.535	-5.74000000000002	-8.495	-4.39	-6.57	-4.45500000000001	-1.76999999999999	"ddCT.xlsx"
"Orf49_72196.5"	"Orf49"	"72196.5"	-21.2	-29.06	-20.335	-19.94	-24.37	-32.675	-22.085	-17.215	-19.085	-21.765	-19.135	-25.88	-21.785	-25.605	-25.38	-23.455	-26.005	-20.555	-29.585	-23.12	-23.695	-18.965	-12.42	-14.395	-29.29	-25.925	-19.69	-16.68	-25.535	-26.05	"ddCT.xlsx"
"Orf49_72352"	"Orf49"	"72352"	-17.21	-4.85	-0.485	-3.7	-24.98	-32.675	-5.305	-30.705	-3.595	-5.245	-4.725	-22.77	-6.285	-5.185	0.45	-6.245	1.215	-5.595	-2.785	-1.17000000000001	1.195	-32.015	-2.12	-1.985	-5.58000000000002	-7.675	-4.08	-2.53	-25.535	-26.05	"ddCT.xlsx"
"Orf50_73509"	"Orf50"	"73509"	-1.99	-29.06	-3.675	-28.52	-2.8	-7.75500000000004	-4.685	-4.225	-3.735	-3.05500000000001	-4.925	-25.88	-6.895	-32.245	-5.13000000000001	-6.545	-0.935000000000002	-4.635	-3.995	-27.85	1.265	-32.015	-0.729999999999986	-0.794999999999995	-3.17	-7.225	-4.87	-28.45	-25.535	-26.05	"ddCT.xlsx"
"Orf50_73509.5"	"Orf50"	"73509.5"	-29.28	-29.06	-29.885	-28.52	-30.5	-32.675	-31.575	-27.695	-32.095	-30.675	-26.165	-25.88	-25.035	-32.245	-25.38	-32.885	-26.005	-30.815	-29.585	-27.85	-24.695	-32.015	-22.8	-23.495	-29.29	-29.395	-31.52	-28.45	-25.535	-26.05	"ddCT.xlsx"
"Orf50_74850"	"Orf50"	"74850"	1.2	0.979999999999999	0.485	-4.64	-2.48	-8.87500000000004	-15.315	-0.405	-11.875	-0.155	-9.405	-15.98	-8.145	-1.165	7.52	-2.885	6.725	-2.595	3.215	2.66999999999999	-1.115	-18.985	0.750000000000004	-7.325	-1.43	-10.005	-10.52	-13.11	-12.505	-7.99000000000003	"ddCT.xlsx"
"Orf50_74850.5"	"Orf50"	"74850.5"	-29.28	-29.06	-29.885	-28.52	-11.3299999999999	-24.995	-31.575	-11.625	-32.095	-30.675	-20.715	-25.88	-35.465	-32.245	-25.38	-35.625	-22.475	-17.055	-29.585	-27.85	-20.525	-32.015	-25.54	-32.025	-15.38	-29.485	-23.44	-28.45	-25.535	-4.20000000000002	"ddCT.xlsx"
"Orf50_75066"	"Orf50"	"75066"	-3.89999999999998	-17.57	-22.855	-14.51	-4.72	-10.085	-7.33499999999998	-5.525	-3.615	-17.245	-10.885	-25.88	-6.335	-6.80500000000001	3.18	-5.955	1.755	-4.055	-1.175	-15.26	-6.79499999999996	-10.905	-7.32	-10.015	-4.28	-10.165	-5.04	-10.14	-10.405	-5.85000000000002	"ddCT.xlsx"
"Orf50_75170"	"Orf50"	"75170"	-14.87	-23.86	-4.885	-17.12	-7.67999999999995	-9.99500000000004	-5.555	-3.445	-8.61499999999997	-5.325	-11.425	-6.19999999999999	-8.255	-3.735	4.4	-3.865	3.865	-7.935	0.295	-1.36	-0.905	-10.455	0.520000000000014	-4.95499999999999	1.16	-7.075	-9.07000000000004	-10.2	-2.24500000000001	-13.39	"ddCT.xlsx"
"Orf52_77022.5"	"Orf52"	"77022.5"	-29.28	-29.06	-2.625	-9.75999999999998	-5.11	-26.995	-5.025	-23.195	-4.49499999999999	-3.525	-3.975	-25.88	-8.145	-32.245	1.07	-8.075	0.634999999999998	-4.485	-2.065	-27.85	-26.925	-32.015	-25.54	-2.485	-29.29	-10.005	-4.27	-3.43	-25.535	-26.05	"ddCT.xlsx"
"Orf52_77128"	"Orf52"	"77128"	-1.14	-1.75	-3.395	-2.93	-2.38	-7.405	-20.495	-4.395	-2.965	-3.655	-3.48500000000001	-20.08	-6.365	-3.86500000000001	5.28	-4.345	4.345	-3.815	0.775	1.25	-3.27500000000001	-25.005	-0.189999999999996	-2.665	-9.25000000000002	-9.335	-3.69	-3.22	-25.535	-26.05	"ddCT.xlsx"
"Orf54_77844"	"Orf54"	"77844"	0.04	0.999999999999999	0.265	-3	-6.3	-7.085	-5.575	-5.595	-16.775	-0.985	-7.945	-5.82999999999999	-6.955	-4.675	6.73	-3.155	6.315	-4.605	2.765	1.57	-2.045	-16.655	-8.73	-5.445	-3.08999999999999	-8.235	-4.23	-6.38	-7.58500000000001	-13.27	"ddCT.xlsx"
"Orf54_77844.5"	"Orf54"	"77844.5"	-29.28	-29.06	-29.885	-28.52	-30.5	-32.675	-11.045	-10.835	-32.095	-30.675	-12.825	-25.88	-16.825	-32.245	-25.38	-18.265	-26.005	-17.435	-29.585	-27.85	-11.835	-11.515	-25.54	-12.605	-29.29	-23.665	-18.14	-28.45	-25.535	-26.05	"ddCT.xlsx"
"Orf54_78056"	"Orf54"	"78056"	-14	-17.59	-14.515	-17.83	-19.77	-12.655	-5.285	-16.045	-16.855	-13.475	-6.725	-19.67	-16.335	-17.075	1.95	-6.245	3.165	-5.645	-1.575	-14.84	-4.15499999999996	-13.275	-3.44	-6.315	-13.52	-9.605	-4.59	-15.41	-17.335	-11.29	"ddCT.xlsx"
"Orf55_78956"	"Orf55"	"78956"	-1.81999999999999	-29.06	-5.555	-20.94	-21.95	-32.675	-19.405	-28.305	-24.505	-19.265	-15.505	-25.88	-11.785	-3.85499999999999	6.1	-4.115	5.265	-5.755	0.985	1.27999999999999	-12.155	-17.775	-9.27000000000001	-18.855	-3.15999999999999	-10.425	-17.6	-16.05	-21.515	-13.41	"ddCT.xlsx"
"Orf55_79044"	"Orf55"	"79044"	-1.64999999999999	-3.66	-18.405	-16.02	-4.38	-29.645	-14.195	-4.685	-14.865	-3.835	-7.61500000000001	-25.88	-10.455	-3.735	4.95	-5.445	4.195	-5.825	0.705	-11.41	-3.385	-32.015	-18.27	-15.965	-3.32	-10.925	-14.9	-11.1	-15.825	-26.05	"ddCT.xlsx"
"Orf55_79044.5"	"Orf55"	"79044.5"	-29.28	-29.06	-29.885	-28.52	-30.5	-32.675	-31.575	-30.705	-32.095	-30.675	-30.625	-25.88	-32.955	-32.245	-19.02	-35.625	-26.005	-26.385	-29.585	-27.85	-26.925	-32.015	-25.54	-32.025	-29.29	-37.525	-31.52	-15.73	-19.165	-26.05	"ddCT.xlsx"
"Orf55_79193"	"Orf55"	"79193"	-4.21999999999998	-1.83000000000001	-4.795	-11.91	-4.9	-7.465	-4.775	-30.705	-5.335	-4.235	-4.815	-20.12	-8.895	-32.245	3.22	-6.515	2.375	-4.915	-0.715	-1.81000000000001	-2.585	-32.015	-1.59000000000001	-4.475	-5.07999999999999	-11.145	-4.9	-4.6	-25.535	-14.4	"ddCT.xlsx"
"Orf55_79193.5"	"Orf55"	"79193.5"	-29.28	-29.06	-19.535	-28.52	-30.5	-19.205	-31.575	-18.145	-16.855	-30.675	-17.565	-25.88	-19.085	-32.245	-25.38	-22.085	-26.005	-23.125	-29.585	-19.02	-15.455	-32.015	-17.53	-20.535	-29.29	-27.045	-21.8	-28.45	-25.535	-26.05	"ddCT.xlsx"
"Orf56_80963"	"Orf56"	"80963"	-0.99	-0.919999999999999	-2.385	-2.28	-23.65	-19.065	-9.40499999999998	-4.955	-6.87499999999997	-3.905	-6.385	-13.27	-7.335	-4.05499999999999	4.86	-5.855	4.345	-4.825	0.825	0.29	-2.505	-6.485	-23.49	-4.35499999999999	-4.85	-10.005	-4.11	-12.24	-13.265	-17.26	"ddCT.xlsx"
"Orf56_80963.5"	"Orf56"	"80963.5"	-29.28	-29.06	-25.655	-28.52	-23.9299999999999	-32.675	-31.575	-30.705	-26.015	-30.675	-22.445	-25.88	-35.465	-32.245	-25.38	-24.775	-26.005	-24.935	-29.585	-27.85	-26.925	-32.015	-21.18	-24.165	-29.29	-34.305	-21.11	-21.91	-25.535	-20.97	"ddCT.xlsx"
"Orf56_81267.5"	"Orf56"	"81267.5"	-29.28	-29.06	-7.32499999999999	-28.52	-4.91	-24.025	-6.035	-30.705	-5.025	-26.295	-7.305	-25.88	-9.02499999999999	-5.62500000000001	0.3	-9.345	-1.585	-6.005	-14.515	-27.85	-3.45499999999996	-21.865	-25.54	-7.875	-3.90999999999999	-11.255	-6.26	-3.57	-25.535	-26.05	"ddCT.xlsx"
"Orf56_81650"	"Orf56"	"81650"	-2.16	-6.78	-2.415	-28.52	-9.85000000000005	-11.055	-8.14499999999998	-5.505	-32.095	-3.225	-7.945	-25.88	-6.315	-5.76500000000001	4.66	-6.425	3.895	-5.835	0.465	-0.46	-3.75499999999996	-32.015	-25.54	-7.50500000000001	-3.85	-9.86500000000001	-5.08	-28.45	-25.535	-26.05	"ddCT.xlsx"
"Orf57_83028"	"Orf57"	"83028"	-3.86999999999998	-3.6	-25.845	-3.34	-7.31999999999995	-9.86500000000004	-7.30499999999998	-6.41500000000004	-4.96499999999999	-18.225	-10.705	-2.44000000000001	-7.935	-11.055	0.38	-7.445	-0.0250000000000021	-6.625	-3.285	-2.55000000000001	-4.90499999999996	-7.395	-12.95	-15.195	-5.00999999999999	-10.445	-6.37	-4.94	-0.965000000000011	-6.74000000000003	"ddCT.xlsx"
"Orf57_83032"	"Orf57"	"83032"	-1.81	-2.71	-3.555	-3.63	-3.21	-7.51500000000001	-4.525	-3.905	-2.685	-4.285	-3.32500000000001	-25.88	-5.945	-32.245	1.98	-6.345	1.235	-4.715	-2.805	-27.85	-2.425	-32.015	-2.40000000000001	-1.345	-3.69999999999999	-7.505	-2.71	-28.45	-25.535	-26.05	"ddCT.xlsx"
"Orf57_83216"	"Orf57"	"83216"	-0.26999999999999	-1.66	-1.245	-14.1	-2.07	-5.675	-5.465	-4.065	-2.005	-1.595	-2.555	-2.03	-4.115	-4.235	4.86	-4.905	3.765	-3.125	0.585	0.72999999999999	0.135	-6.235	1.07	-0.614999999999995	-3.1	-7.765	-2.8	-1.55	-14.465	-2.65999999999999	"ddCT.xlsx"
"Orf56_83216.5"	"Orf56"	"83216.5"	-29.28	-29.06	-29.885	-28.52	-30.5	-32.675	-31.575	-30.705	-32.095	-30.675	-26.915	-25.88	-30.675	-32.245	-25.38	-35.625	-26.005	-30.615	-29.585	-27.85	-26.925	-32.015	-25.54	-28.425	-29.29	-37.525	-31.52	-28.45	-25.535	-26.05	"ddCT.xlsx"
"Orf9_13610"	"Orf9"	"13610"	-29.28	-29.06	-9.16499999999999	-28.52	-6.96999999999995	-32.675	-10.115	-9.85500000000004	-9.75499999999997	-8.34499999999998	-9.945	-6.28999999999999	-11.255	-32.245	-25.38	-9.195	-26.005	-11.085	-29.585	-27.85	-3.325	-6.535	0.200000000000015	-5.33500000000001	-29.29	-16.985	-13.91	-4.98	-25.535	-26.05	"ddCT.xlsx"
"Orf9_13806"	"Orf9"	"13806"	-29.28	-29.06	-4.055	-28.52	-3.8	-12.945	-6.68499999999998	-4.185	-5.955	-7.045	-7.89500000000001	-25.88	-8.095	-32.245	-25.38	-6.295	-26.005	-8.875	-29.585	-27.85	0.815	-6.775	-0.809999999999995	-2.945	-6.79000000000002	-10.845	-5.41	-8.07	-25.535	-26.05	"ddCT.xlsx"
"Orf9_13975"	"Orf9"	"13975"	-29.28	-29.06	-14.405	-28.52	-13.7800000000001	-24.295	-15.795	-17.025	-14.785	-17.485	-19.375	-25.88	-20.795	-23.545	-25.38	-19.245	-26.005	-22.805	-29.585	-27.85	-14.675	-15.655	-12.47	-18.255	-29.29	-24.335	-17.96	-28.45	-16.345	-14.92	"ddCT.xlsx"
"vIRF1_84086"	"vIRF1"	"84086"	-22.18	-29.06	-12.645	-28.52	-30.5	-8.38500000000004	-7.42499999999998	-5.405	-8.07499999999997	-19.415	-8.14500000000001	-25.88	-10.685	-32.245	0.65	-8.795	-1.535	-5.915	-3.415	-4.23000000000001	-4.84499999999996	-28.185	-25.54	-6.67500000000001	-5.57000000000002	-10.095	-6.86	-28.45	-25.535	-26.05	"ddCT.xlsx"
"vIRF1_84086.5"	"vIRF1"	"84086.5"	-29.28	-29.06	-29.885	-28.52	-30.5	-32.675	-31.575	-20.005	-24.425	-30.675	-24.605	-25.88	-28.305	-32.245	-25.38	-31.815	-26.005	-28.125	-29.585	-27.85	-26.925	-32.015	-25.54	-22.015	-29.29	-34.265	-23.05	-28.45	-25.535	-26.05	"ddCT.xlsx"
"vIRF1_84202"	"vIRF1"	"84202"	-2.2	-2.55	-4.635	-7.26999999999998	-5.84	-13.495	-5.325	-9.87500000000004	-9.77499999999997	-4.965	-5.93500000000001	-5.03999999999999	-8.93499999999999	-6.445	5.01	-5.565	4.135	-6.505	0.885	-0.67000000000001	-1.715	-9.33499999999998	1.49	-5.71499999999999	-4.47999999999999	-9.785	-6.15	-7.39	-6.58500000000001	-11.99	"ddCT.xlsx"
"vIRF1_84969"	"vIRF1"	"84969"	-4.72999999999998	-24.9	-20.225	-4	-6.99000000000005	-11.175	-22.915	-3.225	-15.365	-15.485	-7.25500000000001	-10.75	-8.175	-28.115	-7.96000000000001	-8.315	-0.735000000000001	-5.125	-5.50500000000002	-27.85	-4.46499999999996	-7.615	-15.65	-5.895	-15.27	-10.505	-7.95000000000004	-17.31	-14.935	-17.26	"ddCT.xlsx"
"vIRF4_86418"	"vIRF4"	"86418"	-3.21999999999998	-29.06	-16.545	-23.2	-7.35000000000005	-7.89500000000004	-3.975	-2.295	-5.705	-30.675	-6.565	-3.16	-6.895	-27.855	2.96	-7.385	2.205	-4.065	-1.705	-7.45999999999996	-7.24499999999996	-6.665	-3.74000000000001	-11.225	-5.55000000000002	-9.665	-4.32	-3.29	-25.535	-26.05	"ddCT.xlsx"
"vIRF4_86524.5"	"vIRF4"	"86524.5"	-29.28	-29.06	-2.645	-28.52	-3.29	-32.675	-4.375	-0.465	-4.32499999999999	-4.335	-4.555	-25.88	-9.70499999999999	-32.245	0.12	-7.425	1.145	-3.795	-4.095	-2.4	-3.53499999999996	-32.015	-1.74000000000001	-3.56499999999999	-29.29	-8.755	-4.8	-28.45	-25.535	-26.05	"ddCT.xlsx"
"vIRF4_86975"	"vIRF4"	"86975"	-13.81	-29.06	-1.675	-17.72	-2.43	-14.575	-15.105	-1.915	-4.915	-15.285	-4.52500000000001	-17.87	-25.065	-23.025	2.52999999999999	-7.115	1.595	-3.605	-2.315	-13.69	-1.98500000000001	-21.695	-25.54	-3.72499999999999	-5.04999999999999	-9.315	-5.39	-2.65	-12.505	-20.72	"ddCT.xlsx"
"vIRF4_86975.5"	"vIRF4"	"86975.5"	-29.28	-29.06	-10.805	-5.93999999999998	-12.2800000000001	-32.675	-9.13499999999998	-4.795	-12.205	-11.635	-11.165	-25.88	-10.965	-32.245	-25.38	-15.875	-26.005	-11.925	-29.585	-27.85	-9.92499999999996	-9.68499999999998	-5.41000000000001	-8.835	-26.02	-15.985	-7.97000000000004	-28.45	-25.535	-26.05	"ddCT.xlsx"
"vIRF2_92617"	"vIRF2"	"92617"	-4.68999999999998	-4.43	-4.295	-17.96	-17.14	-7.555	-6.93499999999998	-30.705	-17.545	-10.335	-6.11500000000001	-3.5	-7.685	-9.855	2.92	-7.095	2.385	-4.585	-1.775	-4.48999999999996	-3.65499999999996	-11.885	-25.54	-4.985	-11	-9.155	-5.23	-14.81	-13.995	-17.22	"ddCT.xlsx"
"vIRF2_92617.5"	"vIRF2"	"92617.5"	-29.28	-4.78	-5.115	-3.94000000000001	-30.5	-23.675	-31.575	-9.63500000000004	-7.51499999999997	-30.675	-8.155	-25.88	-13.235	-32.245	-25.38	-13.065	-3.315	-9.70499999999998	-11.465	-8.79999999999996	-1.355	-32.015	-25.54	-8.215	-29.29	-19.215	-8.47000000000004	-28.45	-19.355	-26.05	"ddCT.xlsx"
"Orf58_94692"	"Orf58"	"94692"	-2.91	-15.45	-2.875	-28.52	-8.09000000000005	-15.515	-8.79499999999998	-30.705	-7.18499999999997	-4.62500000000001	-7.35500000000001	-25.88	-9.41499999999999	-19.785	0.390000000000001	-7.845	-0.245000000000001	-6.765	-4.095	-3.36	-4.13499999999996	-9.07499999999998	-2.42000000000001	-4.875	-17.48	-10.285	-4.63	-5.25	-3.40500000000001	-22.29	"ddCT.xlsx"
"Orf58_94950"	"Orf58"	"94950"	-1.85999999999999	-29.06	-6.005	-23.75	-2.33	-24.435	-7.21499999999998	-2.395	-3.945	-7.18499999999998	-4.965	-16.18	-8.085	-16.915	-3.83000000000001	-8.335	-5.325	-3.565	-16.725	-24.25	-3.74499999999996	-16.575	0.760000000000004	-3.415	-3.68999999999999	-9.385	-5.35	-3.14	-25.535	-16.07	"ddCT.xlsx"
"Orf58_94950.5"	"Orf58"	"94950.5"	-2.21999999999999	-29.06	-3.365	-5.33999999999998	0.83	-7.92500000000004	-31.575	-1.495	-5.39499999999999	-8.53499999999998	-6.425	-25.88	-8.455	-32.245	-25.38	-9.785	-26.005	-5.495	-3.435	-27.85	-2.325	-10.475	2.56	-3.935	-9.29000000000002	-11.405	-5.07	-4.36	-6.52500000000001	-1.93999999999999	"ddCT.xlsx"
"Orf58_95417"	"Orf58"	"95417"	-1.6	-29.06	-13.585	-2.87	-3.48	-8.60500000000004	-4.735	-5.025	-1.975	-11.145	-4.975	-6.75999999999999	-5.255	-32.245	-0.359999999999999	-7.335	-8.545	-3.845	-5.31500000000002	-7.06999999999996	-2.585	-32.015	-4.52	-9.765	-3.93999999999999	-7.305	-2.5	-3.95	-25.535	-4.62000000000002	"ddCT.xlsx"
"Orf58_95961"	"Orf58"	"95961"	-1.6	-4.79	-3.705	-4.2	-1.2	-6.975	-5.415	-3.445	-2.075	-5.255	-2.535	0.66	-5.905	-32.245	-10.05	-6.325	-17.395	-3.935	-5.40500000000002	-3.32	-4.77499999999996	-5.285	-3.11	-1.83499999999999	-3.54999999999999	-7.395	-2.28	-2.15	-15.665	-2.81000000000003	"ddCT.xlsx"
"Orf58_95961.5"	"Orf58"	"95961.5"	-29.28	-25.89	-17.705	-28.52	-20.25	-24.405	-23.235	-19.245	-20.025	-20.315	-18.165	-25.88	-20.735	-32.245	-25.38	-26.405	-26.005	-21.865	-23.355	-27.85	-15.125	-32.015	-17.53	-18.475	-22.16	-28.035	-18.2	-23.04	-25.535	-26.05	"ddCT.xlsx"
"Orf59_96078"	"Orf59"	"96078"	-17.14	-29.06	-23.855	-20.44	-13.8800000000001	-22.055	-21.235	-17.435	-18.765	-22.525	-21.345	-19.55	-16.995	-26.735	0.44	-21.455	0.304999999999998	-14.705	-8.38500000000002	-27.85	-26.925	-19.055	-14.32	-18.435	-9.97000000000002	-20.815	-20.87	-11.96	-5.14500000000001	-13.84	"ddCT.xlsx"
"Orf59_96407"	"Orf59"	"96407"	-3.80999999999998	-29.06	-2.805	-3.91	-4.15	-32.675	-6.195	-4.825	-2.545	-3.405	-3.195	-25.88	-6.915	-32.245	-17.57	-6.605	-4.985	-6.715	-5.83500000000002	-3.43	-1.895	-7.365	-2.66000000000001	-1.20499999999999	-3.93999999999999	-7.925	-2.45	-4.23	-25.535	-26.05	"ddCT.xlsx"
"Orf59_96407.5"	"Orf59"	"96407.5"	-26.86	-29.06	-16.065	-20.11	-20.2100000000001	-32.675	-20.445	-18.495	-17.065	-22.295	-15.445	-17.78	-18.195	-32.245	-25.38	-25.355	-26.005	-21.605	-29.585	-27.85	-14.265	-17.525	-17.03	-14.665	-29.29	-24.025	-16.73	-18.3	-25.535	-26.05	"ddCT.xlsx"
"Orf60_97138"	"Orf60"	"97138"	-2.14999999999999	-1.78	-4.325	-7.43999999999998	-6.19	-12.955	-8.55499999999998	-8.34500000000004	-10.615	-10.135	-8.375	-7.77999999999999	-14.895	-32.245	4.25	-6.275	3.525	-8.535	0.205	-6.73999999999996	-12.325	-12.005	-12.94	-10.005	-3.61999999999999	-13.915	-8.39000000000004	-7.39	-20.195	-20.98	"ddCT.xlsx"
"Orf60_97630"	"Orf60"	"97630"	-3.80999999999998	-29.06	-5.295	-28.52	-2.32	-6.855	-7.30499999999998	-2.425	-3.615	-9.46499999999998	-3.945	-25.88	-7.305	-32.245	-25.38	-6.535	-14.255	-3.905	-4.715	-1.09000000000001	-3.295	-5.145	-1.45	-4.115	-2.75	-8.385	-3.98	-3.4	-25.535	-2.53	"ddCT.xlsx"
"Orf61_98072"	"Orf61"	"98072"	-21.17	-29.06	-10.535	-2.94000000000001	-3.13	-10.045	-5.515	-30.705	-4.055	-11.525	-5.515	-2.7	-6.855	-32.245	2.06	-6.015	1.635	-3.895	-1.545	-7.80999999999996	-4.41499999999996	-5.585	-1.90000000000001	-9.50500000000001	-29.29	-7.455	-3.56	-22.9	-25.535	-4.03000000000002	"ddCT.xlsx"
"Orf61_98333"	"Orf61"	"98333"	-6.58999999999998	-3.55	-12.815	-23.67	-6.05	-11.605	-7.24499999999998	-5.145	-7.61499999999997	-22.505	-5.725	-25.88	-9.13499999999999	-16.585	-1.17	-6.975	-1.265	-6.025	-2.695	-16.12	-3.52499999999996	-7.335	-25.54	-7.465	-5.13	-9.095	-5.14	-28.45	-25.535	-9.21000000000002	"ddCT.xlsx"
"Orf61_98515"	"Orf61"	"98515"	-11.96	-29.06	-2.555	-11.05	-2.29	-7.285	-4.125	-2.945	-4.615	-4.145	-4.39500000000001	-25.88	-8.075	-26.865	-6.51000000000001	-6.815	-3.265	-3.885	-4.395	-1.27000000000001	-5.50499999999996	-6.705	0.0400000000000045	-3.235	-4.01999999999999	-8.295	-3.2	-21.61	-13.765	-26.05	"ddCT.xlsx"
"Orf61_98515.5"	"Orf61"	"98515.5"	-29.28	-29.06	-13.185	-28.52	-11.6799999999999	-32.675	-12.515	-9.92500000000004	-12.485	-30.675	-11.755	-25.88	-14.265	-32.245	-25.38	-15.435	-26.005	-12.625	-29.585	-27.85	-26.925	-32.015	-25.54	-11.435	-11.57	-17.815	-10.22	-28.45	-25.535	-26.05	"ddCT.xlsx"
"Orf62_100787"	"Orf62"	"100787"	-3.25999999999998	-3.06	-3.275	-19.4	-6.5	-26.935	-6.71499999999998	-8.30500000000004	-5.99499999999999	-3.205	-6.43500000000001	-15.11	-9.96499999999999	-6.175	2.98	-6.735	1.495	-5.805	-2.015	-1.71	-26.925	-20.735	-25.54	-5.875	-2.19999999999999	-9.505	-5.81	-12.23	-14.015	-14.56	"ddCT.xlsx"
"Orf62_100787.5"	"Orf62"	"100787.5"	-29.28	-29.06	-12.445	-28.52	-13.4200000000001	-32.675	-17.215	-12.445	-17.355	-19.445	-13.935	-25.88	-18.525	-21.675	-25.38	-18.035	-26.005	-16.415	-16.875	-27.85	-12.265	-14.335	-25.54	-13.135	-29.29	-21.775	-12.82	-11.21	-25.535	-26.05	"ddCT.xlsx"
"Orf62_100977"	"Orf62"	"100977"	-9.82999999999998	-29.06	-5.615	-2.69000000000001	-12.8800000000001	-12.525	-4.065	-3.405	-4.24499999999999	-13.195	-4.475	-23.45	-6.805	-32.245	1.94	-7.145	-0.975000000000001	-4.405	-2.485	-1.53	-6.56499999999996	-22.745	-25.54	-4.99499999999999	-2.57999999999999	-9.485	-3.89	-0.57	-19.765	-26.05	"ddCT.xlsx"
"Orf62_100977.5"	"Orf62"	"100977.5"	-29.28	-29.06	-16.175	-28.52	-27.2400000000001	-32.675	-21.065	-10.895	-15.785	-17.855	-12.925	-25.88	-16.855	-32.245	-25.38	-15.505	-26.005	-14.385	-29.585	-27.85	-8.91499999999996	-12.805	-5.99000000000001	-12.205	-13.56	-19.705	-12.38	-28.45	-25.535	-26.05	"ddCT.xlsx"
"Orf62_101132"	"Orf62"	"101132"	-3.78999999999998	-1.43	-2.185	-9.49999999999998	-4.24	-7.405	-5.415	-11.295	-7.74499999999997	-4.37500000000001	-5.91500000000001	-25.88	-14.985	-4.69500000000001	4.69	-5.195	4.145	-5.655	-0.324999999999999	0.63999999999999	-7.19499999999996	-8.205	-2.23000000000001	-5.475	-2.25999999999999	-8.695	-6.48	-2.02	-25.535	-26.05	"ddCT.xlsx"
"Orf62_101132.5"	"Orf62"	"101132.5"	-29.28	-29.06	-7.73499999999999	-2.1	-6.60999999999995	-11.465	-31.575	-6.07500000000004	-32.095	-11.945	-8.39500000000001	-25.88	-35.465	-32.245	-25.38	-12.615	-26.005	-9.97499999999998	-10.355	-27.85	-5.73499999999996	-32.015	-25.54	-7.83500000000001	-29.29	-14.035	-9.50000000000004	-28.45	-25.535	-26.05	"ddCT.xlsx"
"Orf63_103119"	"Orf63"	"103119"	-3.71999999999998	-26.6	-15.735	-16.98	-9.31999999999995	-32.675	-5.195	-11.335	-32.095	-19.995	-10.645	-19.42	-8.345	-5.47499999999999	4.13	-5.465	3.775	-4.895	0.635000000000001	-27.85	-12.775	-25.585	-11.65	-14.415	-6.70000000000002	-9.955	-5.27	-5.31	-14.985	-26.05	"ddCT.xlsx"
"Orf63_103119.5"	"Orf63"	"103119.5"	-29.28	-29.06	-29.885	-28.52	-30.5	-32.675	-31.575	-30.705	-32.095	-30.675	-34.975	-25.88	-33.155	-32.245	-25.38	-35.625	-26.005	-31.005	-29.585	-27.85	-26.925	-32.015	-25.54	-32.025	-29.29	-37.525	-29.48	-28.45	-25.535	-26.05	"ddCT.xlsx"
"Orf63_103639"	"Orf63"	"103639"	-15.62	-29.06	-14.405	-23.13	-21.7899999999999	-32.675	-9.51499999999998	-7.51500000000004	-9.94499999999997	-30.675	-8.67500000000001	-5.26999999999999	-9.81499999999999	-32.245	-17.35	-10.955	-9.455	-6.765	-5.015	-23.72	-16.965	-22.485	-8.79000000000001	-8.735	-29.29	-9.945	-8.07000000000004	-19.1	-21.085	-13.91	"ddCT.xlsx"
"Orf63_103639.5"	"Orf63"	"103639.5"	-29.28	-29.06	-21.655	-28.52	-26.95	-32.675	-31.575	-22.075	-29.355	-30.675	-25.925	-25.88	-26.415	-32.245	-25.38	-30.205	-26.005	-26.015	-29.585	-27.85	-26.925	-27.005	-25.54	-23.945	-26.75	-29.505	-27	-28.45	-25.535	-26.05	"ddCT.xlsx"
"Orf63_111231"	"Orf63"	"111231"	-12.01	-21.94	-7.26499999999999	-16.86	-12.16	-6.215	-9.48499999999998	-24.995	-7.59499999999997	-10.315	-10.915	-10.44	-9.22499999999999	-11.125	3.73	-6.115	2.345	-5.005	-1.295	-9.31999999999996	-26.925	-14.995	-13.26	-7.51500000000001	-3.04	-8.755	-6.38	-10.73	-9.17500000000001	-13.74	"ddCT.xlsx"
"Orf63_111231.5"	"Orf63"	"111231.5"	-29.28	-29.06	-29.885	-28.52	-30.5	-32.675	-31.575	-30.705	-32.095	-30.675	-34.975	-25.88	-35.465	-32.245	-25.38	-35.625	-26.005	-33.405	-29.585	-27.85	-26.925	-32.015	-25.54	-32.025	-29.29	-37.525	-31.52	-28.45	-25.535	-26.05	"ddCT.xlsx"
"Orf63_111599"	"Orf63"	"111599"	-17.07	-1.81	-10.605	-3.72000000000001	-25.6700000000001	-32.675	-5.465	-30.705	-8.45499999999997	-13.245	-6.725	-13.52	-8.445	-5.70500000000001	4.14	-4.905	2.195	-5.525	-0.0749999999999993	0.41999999999999	-13.715	-6.575	-2.34000000000001	-6.715	-2.24	-8.695	-4.24	-28.45	-25.535	-26.05	"ddCT.xlsx"
"Orf10_15008"	"Orf10"	"15008"	-29.28	-29.06	-10.665	-28.52	-7.29999999999995	-12.025	-10.405	-10.795	-7.94499999999997	-11.195	-10.915	-25.88	-12.905	-18.005	-25.38	-13.115	-26.005	-13.885	-12.465	-27.85	-6.80499999999996	-11.775	-5.28	-7.695	-29.29	-16.065	-9.92000000000004	-11.94	-25.535	-26.05	"ddCT.xlsx"
"Orf10_15244"	"Orf10"	"15244"	-29.28	-29.06	-5.745	-5.49999999999998	-3.78	-10.385	-31.575	-6.89500000000004	-5.53499999999999	-9.88499999999998	-9.695	-25.88	-9.26499999999999	-11.105	-25.38	-11.335	-26.005	-11.125	-14.865	-27.85	-3.245	-32.015	-1.89000000000001	-5.01500000000001	-7.84000000000002	-13.775	-6.74	-4.83	-5.20500000000001	-26.05	"ddCT.xlsx"
"Orf10_15288"	"Orf10"	"15288"	-13.13	-29.06	-7.86499999999999	-28.52	-5.1	-9.98500000000004	-31.575	-10.075	-7.29499999999997	-8.17499999999998	-9.555	-25.88	-14.875	-32.245	-25.38	-16.255	-26.005	-12.755	-12.395	-27.85	-6.31499999999996	-32.015	-6.90000000000001	-7.495	-29.29	-19.485	-9.28000000000004	-28.45	-25.535	-26.05	"ddCT.xlsx"
"Orf65_112376"	"Orf65"	"112376"	-20.57	-29.06	-4.775	-13.34	-3.38	-6.325	-4.395	-2.025	-2.685	-26.945	-4.16500000000001	-25.88	-7.005	-25.645	1.81	-5.055	1.455	-3.725	-2.015	-8.67999999999996	-10.405	-24.955	-25.54	-2.22499999999999	-4.15	-7.735	-2.76	-2.98	-13.085	-20.94	"ddCT.xlsx"
"Orf66_112774"	"Orf66"	"112774"	-7.66999999999998	-29.06	-6.735	-4.84999999999998	-15.8800000000001	-7.185	-4.825	-3.125	-4.805	-19.325	-4.455	-23.44	-6.325	-28.785	0.13	-5.825	-2.785	-3.805	-3.955	-27.85	-26.925	-24.895	-5.51000000000001	-4.315	-3.46	-7.295	-3.73	-14.99	-17.515	-14.71	"ddCT.xlsx"
"Orf66_112971"	"Orf66"	"112971"	-25.21	-29.06	-21.505	-28.52	-30.5	-32.675	-25.785	-11.115	-4.905	-30.675	-34.975	-25.88	-8.425	-32.245	-0.68	-10.335	-6.185	-4.525	-10.455	-4.70999999999996	-7.83499999999996	-25.745	-7.83000000000001	-13.165	-22.72	-8.785	-19.76	-2.29	-25.535	-26.05	"ddCT.xlsx"
"Orf66_112971.5"	"Orf66"	"112971.5"	-29.28	-29.06	-29.885	-28.52	-30.5	-32.675	-31.575	-30.705	-32.095	-30.675	-34.975	-25.88	-35.465	-32.245	-25.38	-35.625	-26.005	-37.145	-29.585	-27.85	-26.925	-32.015	-25.54	-32.025	-29.29	-37.525	-31.52	-28.45	-25.535	-26.05	"ddCT.xlsx"
"Orf66_113453"	"Orf66"	"113453"	-17.17	-1.66	-8.55499999999999	-20.36	-22.0600000000001	-6.395	-4.995	-15.125	-5.405	-4.675	-4.445	-12.41	-6.755	-14.885	4.09	-4.555	4.275	-3.965	-1.095	0.25999999999999	-14.665	-19.205	-2.42000000000001	-6.365	-0.77999999999999	-7.505	-3.87	-7.01	-10.865	-14.87	"ddCT.xlsx"
"Orf67_113980"	"Orf67"	"113980"	-29.28	-29.06	-20.835	-28.52	-30.5	-32.675	-24.945	-18.155	-18.045	-30.675	-21.515	-22.57	-23.235	-32.245	-25.38	-24.215	-26.005	-21.075	-29.585	-27.85	-26.925	-32.015	-25.54	-21.235	-20.89	-24.865	-23.03	-28.45	-25.535	-26.05	"ddCT.xlsx"
"Orf67_113980.5"	"Orf67"	"113980.5"	-29.28	-29.06	-29.885	-17.02	-3.72	-11.115	-5.145	-3.195	-5.885	-7.61499999999998	-5.335	-25.88	-9.30499999999999	-27.625	-16.33	-6.035	-0.745000000000001	-5.135	-11.565	-27.85	-26.925	-5.805	-7.86000000000001	-5.50499999999999	-3.92	-8.335	-3.73	-24.88	-16.785	-26.05	"ddCT.xlsx"
"Orf66_114218"	"Orf66"	"114218"	-26.79	-14.8	-8.60499999999999	-3.19000000000001	-4.04	-20.245	-4.015	-4.215	-5.315	-30.675	-5.52500000000001	-0.869999999999999	-7.095	-32.245	2.16999999999999	-5.325	2.515	-4.575	-2.195	-0.22	-8.22499999999996	-25.505	-25.54	-4.815	-1.61999999999999	-7.605	-2.46	-0.970000000000011	-12.845	-13.43	"ddCT.xlsx"
"Orf66_114218.5"	"Orf66"	"114218.5"	-29.28	-29.06	-12.005	-28.52	-13.8500000000001	-32.675	-15.385	-12.635	-32.095	-30.675	-14.735	-25.88	-18.875	-32.245	-25.38	-17.575	-26.005	-16.075	-29.585	-27.85	-26.925	-32.015	-25.54	-14.975	-29.29	-21.905	-13.27	-28.45	-25.535	-26.05	"ddCT.xlsx"
"Orf66_114453.5"	"Orf66"	"114453.5"	-29.28	-29.06	-12.085	-21.16	-5.34	-32.675	-5.265	-3.605	-5.89499999999999	-8.10499999999998	-5.585	-6.20999999999999	-7.055	-32.245	-0.77	-6.575	-1.065	-4.665	-4.245	-27.85	-9.54499999999996	-6.025	-4.96000000000001	-6.465	-4.94999999999999	-7.935	-3.15	-28.45	-25.535	-26.05	"ddCT.xlsx"
"Orf68_115325"	"Orf68"	"115325"	0.15	0.119999999999999	-2.585	-28.52	-24.19	-21.535	-18.255	-30.705	-23.465	-2.025	-21.445	-25.88	-24.865	-4.165	4.76	-5.285	4.635	-7.705	1.265	-3.77000000000001	-26.925	-14.775	-25.54	-26.905	-3.86	-13.735	-15.43	-22.14	-25.535	-26.05	"ddCT.xlsx"
"Orf68_115325.5"	"Orf68"	"115325.5"	-29.28	-29.06	-29.885	-28.52	-30.5	-32.675	-31.575	-30.705	-32.095	-30.675	-31.665	-25.88	-35.465	-32.245	-25.38	-35.625	-26.005	-37.145	-29.585	-27.85	-26.925	-32.015	-25.54	-29.575	-29.29	-37.525	-31.52	-28.45	-25.535	-26.05	"ddCT.xlsx"
"Orf68_115807"	"Orf68"	"115807"	-21.75	-17.81	-29.885	-1.81	-30.5	-13.575	-4.245	-30.705	-6.815	-30.675	-11.175	-25.88	-5.235	-26.955	1.32	-4.575	3.455	-6.735	-3.245	-27.85	-11.335	-4.975	-25.54	-17.955	-12.53	-11.315	-4.28	-13.15	-10.125	-13.53	"ddCT.xlsx"
"Orf68_115939"	"Orf68"	"115939"	0.82000000000001	0.400000000000001	-0.355	-1.40000000000001	-4.46	-6.895	-3.985	-2.875	-7.76499999999997	-4.165	-4.765	-13.28	-7.295	-3.60499999999999	6.27	-3.185	5.685	-3.805	2.315	2.16999999999999	-0.80500000000001	-5.585	0.930000000000005	-4.45499999999999	-1.09	-6.475	-2.72	-12.84	-7.31500000000001	-11.95	"ddCT.xlsx"
"Orf68_115939.5"	"Orf68"	"115939.5"	-29.28	-29.06	-29.885	-28.52	-30.5	-32.675	-31.575	-30.705	-32.095	-30.675	-27.595	-25.88	-32.785	-32.245	-25.38	-33.195	-26.005	-30.385	-29.585	-27.85	-26.925	-32.015	-25.54	-32.025	-29.29	-33.975	-27.38	-28.45	-17.395	-26.05	"ddCT.xlsx"
"Orf69_116922"	"Orf69"	"116922"	-3.18999999999998	-15.42	-4.215	-28.52	-3.05	-3.095	-2.465	-4.185	-4.39499999999999	-3.275	-3.57500000000001	-25.88	-3.825	-4.02500000000001	0.9	-2.515	-1.135	-2.665	-1.785	-1.45000000000001	-7.52499999999996	-1.435	-4.7	-2.895	-3.11	-3.095	-1.47	-2.29	-25.535	-26.05	"ddCT.xlsx"
"Orf69_117120"	"Orf69"	"117120"	-1.6	-11.71	-4.715	-1.97000000000001	-3.13	-2.425	-1.365	-3.255	-4.005	-6.085	-2.905	-25.88	-3.285	-4.89499999999999	3.12	-2.145	2.245	-1.865	-1.215	0.5	-3.71499999999996	-2.455	-7.41	-2.79499999999999	-1.54999999999999	-3.045	-2.25	-28.45	-25.535	-1.25000000000001	"ddCT.xlsx"
"Orf68_117120.5"	"Orf68"	"117120.5"	-29.28	-29.06	-22.315	-24.32	-22.73	-26.195	-21.915	-20.545	-24.385	-25.635	-22.435	-25.88	-22.225	-32.245	-25.38	-25.045	-26.005	-22.915	-26.855	-23.78	-23.615	-22.955	-20.93	-22.525	-29.29	-24.815	-22.76	-28.45	-25.535	-26.05	"ddCT.xlsx"
"LANA_122381"	"vFLIP"	"122381"	-0.94	-0.44	-0.455	-0.04	0.0600000000000001	0.175	-0.0349999999999997	0.375	0.305	-0.505	0.154999999999997	0.140000000000001	0.0250000000000001	-0.185000000000005	-0.98	-0.065000000000001	-0.515000000000001	0.00499999999999901	0.215	1.43	-0.705	0.0549999999999999	-1.39000000000001	0.185000000000005	-0.109999999999999	-0.0349999999999999	-0.45	0.159999999999999	-0.715000000000011	-0.720000000000004	"ddCT.xlsx"
"LANA_122443"	"vFLIP"	"122443"	0.94	0.44	0.455	0.04	-0.0599999999999996	-0.175	0.0350000000000001	-0.375	-0.305	0.505	-0.154999999999997	-0.14	-0.0249999999999999	0.185000000000005	0.98	0.0650000000000011	0.514999999999999	-0.00499999999999901	-0.215	-1.43	0.704999999999999	-0.0549999999999999	1.39000000000001	-0.185000000000005	0.11	0.0350000000000001	0.45	-0.16	0.715000000000011	0.720000000000005	"ddCT.xlsx"
"LANA_123054"	"vCYC"	"123054"	-0.00999999999999979	-3.05	-14.685	1.24	-6.15	-5.155	0.495	-4.545	0.0550000000000002	-10.665	-4.77500000000001	-25.88	0.885000000000003	0.864999999999995	1.93	0.225000000000001	0.304999999999998	0.385000000000002	-1.425	-3.28	-1.69500000000001	0.0349999999999999	-1.91000000000001	-10.675	1.23	-0.925000000000002	0.78	-0.280000000000001	3.18500000000001	-1.78	"ddCT.xlsx"
"LANA_123293"	"vCYC"	"123293"	-1.05	-2.87000000000001	-2.525	-1.32	-1.47	-1.235	-1.345	-1.215	-1.715	-2.405	-1.175	-21.71	-1.075	-0.665000000000005	1.21	-0.835000000000001	1.995	-1.505	-0.904999999999999	-0.32	-3.88499999999996	-1.395	-4.34000000000001	-0.715000000000004	-4.81	-4.195	-0.83	-28.45	-25.535	-0.349999999999995	"ddCT.xlsx"
"LANA_123511"	"vCYC"	"123511"	-1.75999999999999	-3.84	-3.725	-0.91	-1.65	-1.595	-1.805	-2.945	-1.845	-2.475	-1.93500000000001	-25.88	-2.745	-2.005	-1.52	-1.365	-1.435	-2.505	-0.995	-0.44000000000001	-2.675	-1.885	-3.7	-1.595	-1.57	-1.465	-1.48	0.23	2.19500000000001	0.0400000000000054	"ddCT.xlsx"
"LANA_124002"	"LANA"	"124002"	-14.9	-2.05	-29.885	-3.5	-3.76	-4.155	-6.48499999999998	-16.205	-5.46499999999999	-4.355	-5.93500000000001	-15.24	-3.185	-4.51500000000001	0.36	-7.205	-2.335	-15.505	-3.905	-1.15	-6.83499999999996	-4.595	-7.48	-4.45499999999999	-29.29	-21.385	-4.42	-13.91	-17.595	-12.88	"ddCT.xlsx"
"LANA_124393"	"LANA"	"124393"	-29.28	-29.06	-29.885	-28.52	-30.5	-5.025	-31.575	-3.265	-5.485	-6.085	-8.46500000000001	-25.88	-3.415	-3.665	-10.26	-9.465	-1.915	-5.635	-3.685	-0.64	-9.85499999999996	-32.015	-25.54	-5.945	-29.29	-8.145	-12.09	-28.45	-25.535	-26.05	"ddCT.xlsx"
"K14_128145"	"K14"	"128145"	-24.04	-18.83	-6.645	-28.52	-30.5	-5.925	-31.575	-3.595	-5.82499999999999	-5.355	-7.445	-2.02	-5.805	-6.65499999999999	-8.25000000000001	-9.275	-2.685	-9.54499999999998	-7.51500000000002	-1.69000000000001	-2.035	-5.735	-4.12	-4.93499999999999	-29.29	-7.135	-31.52	-22.98	-25.535	-18.4	"ddCT.xlsx"
"K14_128145.5"	"K14"	"128145.5"	-29.28	-29.06	-29.885	-28.52	-30.5	-10.595	-31.575	-7.61500000000004	-10.705	-30.675	-15.485	-25.88	-9.27499999999999	-13.375	-25.38	-35.625	-26.005	-21.985	-29.585	-27.85	-5.68499999999996	-12.225	-5.25000000000001	-12.535	-29.29	-14.985	-11.19	-28.45	-25.535	-26.05	"ddCT.xlsx"
"K14_128349"	"K14"	"128349"	-5.11999999999998	-5.7	-24.475	-9.29999999999998	-11.44	-9.20500000000004	-8.01499999999998	-8.27500000000004	-6.93499999999997	-21.505	-14.535	-10.56	-4.645	-6.99499999999999	-1.33000000000001	-8.355	-17.005	-9.295	-29.585	-12	-1.245	-7.515	-5.73000000000001	-12.825	-23.47	-6.735	-7.11	-28.45	-25.535	-26.05	"ddCT.xlsx"
"K14_128651"	"K14"	"128651"	-20.81	-29.06	-6.445	-28.52	-6.63999999999995	-6.155	-31.575	-2.515	-9.06499999999997	-22.975	-7.275	-2.11	-4.805	-32.245	0.41999999999999	-8.475	0.744999999999999	-11.945	-4.155	-1.46	-12.505	-6.825	-25.54	-6.50500000000001	-23.28	-6.205	-8.14000000000004	-28.45	-25.535	-2.3	"ddCT.xlsx"
"Orf11_16083"	"Orf11"	"16083"	-8.77999999999998	-8.24	-7.39499999999999	-8.67999999999998	-10.0300000000001	-8.97500000000004	-11.565	-5.095	-8.42499999999997	-7.87499999999998	-8.665	-11.55	-8.875	-28.125	-11.27	-10.345	-26.005	-10.395	-11.675	-6.39999999999996	-2.065	-4.635	-2.50000000000001	-5.53499999999999	-29.29	-12.975	-7.72000000000004	-8.43	-25.535	-5.43000000000002	"ddCT.xlsx"
"Orf11_16677.5"	"Orf11"	"16677.5"	-23.64	-29.06	-1.185	-2.79000000000001	-0.8	-4.425	-31.575	-1.165	-2.765	-7.67499999999998	-3.86500000000001	-2.02	-4.775	-6.765	-25.38	-5.985	-26.005	-6.445	-5.015	-1.27000000000001	2.65499999999999	-5.335	2.20000000000001	-1.715	-4.17	-7.825	-3.07	-28.45	-25.535	-12.58	"ddCT.xlsx"
"K14_129773"	"vGPCR"	"129773"	-23.07	-4.90000000000001	-2.185	-28.52	-2.97	-3.075	-5.175	-1.365	-3.895	-3.525	-5.605	-0.85	-2.315	-32.245	-1.08000000000001	-6.475	-3.505	-6.735	-16.285	-27.85	-4.63499999999996	-4.935	-4.35	-3.31499999999999	-29.29	-4.805	-6.02	-28.45	-25.535	-26.05	"ddCT.xlsx"
"K14_129773.5"	"vGPCR"	"129773.5"	-29.28	-29.06	-29.885	-28.52	-28.1099999999999	-25.055	-31.575	-20.155	-32.095	-28.025	-25.465	-25.88	-23.895	-27.565	-25.38	-33.225	-26.005	-28.245	-29.585	-27.85	-23.415	-26.975	-21.87	-24.405	-29.29	-30.795	-31.52	-28.45	-25.535	-26.05	"ddCT.xlsx"
"K14_129945"	"vGPCR"	"129945"	-2.13	-0.820000000000002	-1.745	-4.38	-2.5	-2.945	-11.415	-2.215	-3.805	-3.51500000000001	-4.59500000000001	-1.32	-2.035	-2.71499999999999	6.5	-3.505	5.375	-5.125	1.855	0.81	-1.635	-6.945	-4.18000000000001	-3.45499999999999	-0.88	-4.355	-6.27	-3.07	-1.69500000000001	-2.66999999999999	"ddCT.xlsx"
"K14_130126"	"vGPCR"	"130126"	-12.26	-1.90000000000001	-7.47499999999999	-4.82999999999998	-3.39	-4.995	-23.195	-2.485	-6.24499999999999	-5.045	-6.84500000000001	-5.46999999999999	-3.915	-15.105	4.42	-5.215	4.265	-8.005	0.585	0.18999999999999	-4.58499999999996	-6.415	-6.05000000000001	-4.795	-2.26999999999999	-5.795	-16.47	-13.34	-14.295	-11.88	"ddCT.xlsx"
"K15_130749"	"K15"	"130749"	0.41000000000001	0.21	-0.245	-1.07	0.02	0.0649999999999999	-1.075	-1.305	-0.825	-1.105	-0.735000000000008	-3.43	1.125	-0.775000000000005	3.99	-3.425	3.705	-0.644999999999999	-0.355	1.75999999999999	1.275	-2.775	-1.22	1.27500000000001	-1.79	-1.475	-2.06	-1.8	-4.34500000000001	-0.750000000000005	"ddCT.xlsx"
"K15_131117"	"K15"	"131117"	-3.22999999999998	-2.40000000000001	-16.835	-1.16	-4.98	-5.295	-2.055	-7.93500000000004	-0.255	-14.135	-4.545	-25.88	0.675000000000002	-2.825	3.67	-3.075	2.735	-1.005	-1.845	-6.37999999999996	-0.245	-1.895	0.0600000000000041	-6.84500000000001	-3.25999999999999	-2.405	-1.68	-0.350000000000001	-0.18499999999999	-26.05	"ddCT.xlsx"
"K15_131117.5"	"K15"	"131117.5"	-29.28	-29.06	-29.885	-28.52	-30.5	-32.675	-31.575	-30.705	-32.095	-30.675	-34.975	-25.88	-32.035	-32.245	-25.38	-35.625	-26.005	-37.145	-29.585	-27.85	-26.925	-32.015	-25.54	-32.025	-29.29	-37.525	-31.52	-28.45	-25.535	-26.05	"ddCT.xlsx"
"K15_131458"	"K15"	"131458"	3.33	3.02	2.325	-2.44000000000001	0.04	-0.515	-1.885	-1.975	-1.055	1.675	-0.724999999999998	-10.87	-0.0149999999999999	-0.135000000000005	9.71	-0.215	9.375	-1.055	5.785	4.72999999999999	0.605	-2.515	0.860000000000005	0.635000000000006	3.11	-1.175	-1.9	-3.68	-13.985	-7.00000000000002	"ddCT.xlsx"
"K15_136250.5"	"K15"	"136250.5"	-29.28	-29.06	-29.885	-28.52	-6.13	-32.675	-31.575	-30.705	-32.095	-30.675	-34.975	-25.88	-33.255	-5.09500000000001	3.48	-7.575	2.155	-24.665	-1.455	-1.51	-26.925	-32.015	-25.54	-32.025	-12.46	-37.525	-31.52	-28.45	-25.535	-26.05	"ddCT.xlsx"
"K2_17821"	"K2"	"17821"	-15.68	-29.06	-11.725	-14.3	-13.6300000000001	-12.435	-11.845	-13.505	-10.675	-18.365	-15.705	-25.88	-18.385	-22.805	-25.38	-18.315	-26.005	-19.505	-14.415	-18.64	-13.115	-19.515	-14.79	-18.255	-23.09	-19.925	-13.82	-18.17	-25.535	-26.05	"ddCT.xlsx"
