"WT0h"	"WT0hMBV"	"PKKO0h"	"PKKO0hMBV"	"REV0h"	"REV0hMBV"	"WT24h"	"WT24hMBV20uM"	"WT24hACV50uM"	"PKKO24h"	"PKKO24hMBV20uM"	"PKKO24hACV50uM"	"REV24h"	"REV24hACV50uM"	"WT48h"	"WT48hMBV20uM"	"WT48hACV50uM"	"PKKO48h"	"PKKO48hMBV20uM"	"PKKO48hACV50uM"	"REV48h"	"REV48hMBV20uM"	"REV48hACV50uM"
"ACTIN"	0.44135305	0.756315150000002	0.57681345	0.613625709999997	0.391721780000001	0.61352978	0.462211279999998	0.473528339999998	0.375622399999997	0.574683159999999	0.260953410000003	0.218688239999999	0.219198710000001	0.257319669999998	0.62785367	0.563731929999999	0.692863979999998	0.81037147	0.75179421	0.636460640000003	0.514926079999999	0.71615847	0.379115910000003
"B-ACT"	-2.09864695	-2.49368485	-2.14318655	-2.17637429	-2.26827822	-2.45647022	-1.96778872	-1.88647166	-1.8943776	-2.20531684	-1.99904659	-2.04131176	-2.08080129	-1.90268033	-1.92214633	-2.34626807	-2.07713602	-2.26962853	-2.21820579	-2.21353936	-2.15507392	-2.29384153	-2.28088409
"BALF1"	-9.17864695	-8.70368485	-9.08318655	-9.29637429	-9.51827822	-9.37647022	-5.93778872	-5.46647166	-5.6743776	-5.96531684	-6.08904659	-5.82131176	-5.58080129	-5.58268033	-1.75214633	-3.15626807	-3.47713602	-3.59962853	-3.42820579	-3.92353936	-1.35507392	-2.77384153	-3.68088409
"BALF2"	-10.33864695	-10.16368485	-10.72318655	-9.97637429	-11.33827822	-12.91647022	-4.41778872	-3.88647166	-3.5343776	-4.03531684	-3.98904659	-3.69131176	-4.19080129	-3.75268033	-1.96214633	-2.46626807	-1.98713602	-2.75962853	-2.14820579	-2.54353936	-1.84507392	-2.45384153	-2.57088409
"BALF3"	-6.60864695	-6.57368485	-6.97318655	-6.99637429	-7.37827822	-8.62647022	-4.96778872	-5.15647166	-4.7243776	-5.02531684	-4.77904659	-4.47131176	-4.98080129	-4.84268033	-1.43214633	-2.74626807	-2.83713602	-3.29962853	-2.86820579	-3.09353936	-1.10507392	-2.55384153	-3.19088409
"BALF4"	-5.58864695	-5.58368485	-5.98318655	-5.76637429	-5.97827822	-6.98647022	-3.27778872	-3.78647166	-3.1943776	-3.38531684	-3.02904659	-2.84131176	-3.10080129	-3.55268033	0.547853669999999	-1.05626807	-1.09713602	-1.17962853	-0.85820579	-1.19353936	0.914926080000001	-0.583841530000001	-1.44088409
"BALF5"	-8.48864695	-8.26368485	-8.44318655	-7.70637429	-8.56827822	-9.52647022	-4.53778872	-4.90647166	-4.5043776	-4.46531684	-4.35904659	-4.35131176	-4.54080129	-3.55268033	-0.972146330000001	-1.94626807	-2.41713602	-2.59962853	-2.08820579	-2.40353936	-0.36507392	-1.93384153	-2.47088409
"BaRF1"	-8.63864695	-8.98368485	-7.59318655	-7.76637429	-9.34827822	-10.24647022	-4.16778872	-3.51647166	-3.3643776	-3.05531684	-2.88904659	-2.62131176	-3.57080129	-3.21268033	-1.77214633	-2.03626807	-1.21713602	-1.84962853	-1.15820579	-1.27353936	-2.01507392	-1.73384153	-1.64088409
"BBLF1"	-8.87864695	-8.58368485	-9.63318655	-9.40637429	-9.25827822	-9.48647022	-4.18778872	-3.07647166	-3.3643776	-4.03531684	-3.88904659	-3.76131176	-3.55080129	-3.12268033	-1.40214633	-1.65626807	-1.58713602	-2.48962853	-2.03820579	-2.24353936	-3.26507392	-1.47384153	-2.05088409
"BBLF2"	-12.39864695	-12.39368485	-12.89318655	-12.89637429	-13.83827822	-14.18647022	-11.59778872	-10.65647166	-10.6143776	-11.27531684	-11.42904659	-11.00131176	-11.55080129	-11.56268033	-8.97214633	-9.62626807	-8.79713602	-10.18962853	-10.15820579	-9.94353936	-9.88507392	-9.90384153	-10.62088409
"BBLF3"	-8.92864695	-8.44368485	-9.50318655	-9.54637429	-9.44827822	-8.57647022	-4.24778872	-3.50647166	-3.1743776	-4.07531684	-3.76904659	-3.59131176	-3.68080129	-3.51268033	-1.88214633	-2.10626807	-1.64713602	-2.51962853	-2.12820579	-2.00353936	-1.90507392	-1.85384153	-1.59088409
"BBLF4"	-10.37864695	-10.68368485	-11.68318655	-10.88637429	-11.12827822	-10.97647022	-6.82778872	-6.64647166	-6.1143776	-6.48531684	-6.78904659	-6.39131176	-6.29080129	-5.87268033	-4.25214633	-4.43626807	-3.95713602	-5.21962853	-4.66820579	-4.93353936	-4.26507392	-4.52384153	-4.14088409
"BBRF1"	-10.03864695	-10.15368485	-11.64318655	-11.35637429	-11.37827822	-11.35647022	-7.47778872	-6.90647166	-6.7543776	-7.41531684	-7.72904659	-6.89131176	-7.24080129	-6.87268033	-3.93214633	-4.82626807	-4.93713602	-5.57962853	-5.16820579	-5.77353936	-4.03507392	-4.41384153	-4.97088409
"BBRF2"	-9.40864695	-9.34368485	-11.17318655	-10.68637429	-10.30827822	-9.90647022	-6.98778872	-6.60647166	-6.3943776	-6.94531684	-6.82904659	-6.72131176	-6.25080129	-6.10268033	-3.41214633	-4.30626807	-5.10713602	-5.60962853	-4.71820579	-5.76353936	-3.24507392	-3.75384153	-5.16088409
"BBRF3"	-8.02864695	-7.93368485	-9.51318655	-9.50637429	-8.82827822	-9.37647022	-5.54778872	-5.83647166	-5.8143776	-6.29531684	-6.20904659	-6.27131176	-4.91080129	-5.76268033	-1.22214633	-2.69626807	-3.78713602	-3.78962853	-3.78820579	-4.66353936	-0.835073919999999	-2.02384153	-3.74088409
"BCLF1"	-8.20864695	-8.86368485	-10.20318655	-10.80637429	-8.91827822	-8.32647022	-5.61778872	-6.16647166	-6.0843776	-7.16531684	-6.27904659	-7.64131176	-5.12080129	-6.05268033	-1.01214633	-1.92626807	-3.78713602	-3.85962853	-3.27820579	-4.93353936	-0.435073920000001	-1.06384153	-3.09088409
"BCRF1_rep1"	-12.90864695	-12.90368485	-10.56318655	-10.98637429	-14.34827822	-13.48647022	-8.88778872	-8.73647166	-11.0343776	-10.52531684	-10.37904659	-10.56131176	-9.03080129	-11.88268033	-4.42214633	-4.78626807	-6.73713602	-7.72962853	-7.09820579	-8.77353936	-5.26507392	-5.46384153	-7.96088409
"BCRF1_rep2"	-10.35864695	-10.07368485	-11.18318655	-11.23637429	-11.17827822	-10.37647022	-9.10778872	-9.37647166	-9.2943776	-9.57531684	-9.12904659	-9.46131176	-8.89080129	-9.05268033	-6.36214633	-6.60626807	-7.35713602	-7.13962853	-6.85820579	-7.21353936	-5.87507392	-7.20384153	-6.87088409
"BDLF1"	-8.16864695	-8.53368485	-10.06318655	-10.40637429	-8.39827822	-9.08647022	-6.41778872	-7.27647166	-7.5143776	-7.32531684	-7.88904659	-8.01131176	-5.77080129	-7.17268033	-0.572146329999999	-1.81626807	-4.98713602	-3.31962853	-3.06820579	-4.96353936	-0.0650739199999997	-1.26384153	-4.12088409
"BDLF2"	-8.27864695	-8.39368485	-9.73318655	-10.22637429	-8.16827822	-8.26647022	-6.12778872	-6.76647166	-7.5943776	-7.49531684	-7.86904659	-8.28131176	-5.50080129	-6.91268033	-0.37214633	-1.69626807	-4.37713602	-3.11962853	-2.97820579	-5.01353936	-0.215073919999998	-0.753841529999999	-4.02088409
"BDLF3"	-11.65864695	-11.12368485	-12.68318655	-12.35637429	-11.37827822	-11.51647022	-9.05778872	-10.23647166	-11.8743776	-10.44531684	-10.42904659	-11.77131176	-7.94080129	-8.97268033	-2.27214633	-4.33626807	-9.75713602	-5.82962853	-5.74820579	-8.67353936	-2.32507392	-3.69384153	-8.66088409
"BDLF4"	-10.64864695	-10.13368485	-10.14318655	-10.84637429	-11.26827822	-14.62647022	-5.29778872	-4.50647166	-4.3543776	-5.15531684	-4.89904659	-4.45131176	-4.81080129	-4.42268033	-2.80214633	-3.34626807	-2.61713602	-3.49962853	-3.09820579	-3.17353936	-2.61507392	-3.24384153	-3.20088409
"BDRF1_129215"	-12.21864695	-11.53368485	-11.99318655	-12.36637429	-12.40827822	-11.42647022	-8.92778872	-8.59647166	-8.6643776	-8.43531684	-8.60904659	-8.57131176	-8.13080129	-7.82268033	-3.75214633	-5.26626807	-6.07713602	-4.85962853	-4.87820579	-5.99353936	-3.42507392	-5.32384153	-5.64088409
"BDRF1_148707"	-6.91864695	-6.99368485	-8.51318655	-9.11637429	-7.41827822	-7.04647022	-4.66778872	-5.22647166	-5.1243776	-5.45531684	-5.76904659	-5.58131176	-3.84080129	-5.15268033	0.197853670000001	-1.43626807	-2.67713602	-2.35962853	-2.61820579	-3.50353936	0.77492608	-0.563841530000001	-2.49088409
"BFLF1"	-9.80864695	-9.61368485	-9.98318655	-9.75637429	-10.81827822	-9.89647022	-5.38778872	-5.11647166	-5.1743776	-5.44531684	-5.43904659	-5.39131176	-4.89080129	-5.57268033	-2.27214633	-2.72626807	-1.70713602	-3.77962853	-3.13820579	-3.61353936	-2.22507392	-2.50384153	-1.90088409
"BFLF2"	-7.90864695	-8.10368485	-8.83318655	-8.85637429	-8.48827822	-8.54647022	-3.96778872	-3.66647166	-3.2943776	-3.67531684	-3.93904659	-3.55131176	-3.24080129	-3.16268033	-0.272146329999998	-1.03626807	0.102863979999999	-1.75962853	-1.79820579	-1.64353936	-0.395073920000002	-1.00384153	0.17911591
"BFRF2"	-8.26864695	-8.48368485	-8.87318655	-8.78637429	-8.94827822	-9.32647022	-3.39778872	-2.86647166	-2.7043776	-3.06531684	-2.90904659	-2.58131176	-3.07080129	-2.96268033	-0.502146329999999	-1.02626807	-0.0571360200000015	-1.69962853	-1.05820579	-1.08353936	-0.395073920000002	-0.973841530000001	-0.130884089999999
"BFRF3"	-9.48864695	-9.67368485	-10.96318655	-10.83637429	-10.44827822	-11.48647022	-5.14778872	-4.94647166	-4.8543776	-5.11531684	-5.14904659	-4.84131176	-4.85080129	-4.84268033	-1.22214633	-2.11626807	-1.61713602	-3.13962853	-2.82820579	-2.83353936	-0.97507392	-2.28384153	-1.27088409
"BGLF1"	-11.19864695	-11.07368485	-10.22318655	-11.26637429	-10.50827822	-10.78647022	-5.59778872	-5.27647166	-4.6243776	-5.26531684	-5.36904659	-4.81131176	-5.09080129	-4.79268033	-2.98214633	-3.82626807	-3.16713602	-3.66962853	-3.49820579	-3.64353936	-2.81507392	-3.58384153	-3.49088409
"BGLF3"	-11.08864695	-10.41368485	-11.57318655	-11.15637429	-11.29827822	-11.45647022	-7.93778872	-7.95647166	-7.6343776	-7.66531684	-8.57904659	-7.73131176	-7.60080129	-7.08268033	-4.20214633	-5.07626807	-5.69713602	-5.04962853	-4.63820579	-5.73353936	-3.75507392	-5.28384153	-5.65088409
"BGLF4"	-10.44864695	-9.90368485	-10.28318655	-10.55637429	-10.20827822	-10.53647022	-5.77778872	-5.16647166	-5.0143776	-6.08531684	-6.06904659	-6.04131176	-5.22080129	-4.79268033	-2.74214633	-2.91626807	-2.64713602	-4.24962853	-3.27820579	-4.17353936	-2.55507392	-2.69384153	-3.16088409
"BGLF5"	-12.25864695	-12.58368485	-13.24318655	-13.25637429	-13.08827822	-13.40647022	-6.56778872	-6.04647166	-6.0343776	-6.52531684	-6.55904659	-6.48131176	-6.13080129	-5.84268033	-4.01214633	-4.13626807	-4.17713602	-4.78962853	-4.43820579	-4.81353936	-4.34507392	-4.35384153	-5.07088409
"BGRF1"	-8.27864695	-8.43368485	-9.61318655	-9.45637429	-8.53827822	-8.48647022	-7.27778872	-6.97647166	-7.3243776	-7.20531684	-7.08904659	-7.19131176	-7.15080129	-7.02268033	-3.69214633	-4.85626807	-5.03713602	-4.51962853	-4.36820579	-5.50353936	-3.23507392	-4.68384153	-5.13088409
"BHRF1"	-5.72864695	-6.03368485	-6.67318655	-6.56637429	-6.83827822	-6.96647022	-2.45778872	-2.51647166	-2.1443776	-2.63531684	-2.02904659	-2.05131176	-2.22080129	-2.48268033	0.277853669999999	0.593731929999997	0.97286398	-0.539628529999998	0.41179421	0.0464606400000029	0.574926080000001	0.176158470000001	0.959115910000001
"BILF1"	-8.87864695	-8.82368485	-8.23318655	-7.78637429	-9.20827822	-8.91647022	-4.60778872	-5.14647166	-4.0143776	-4.40531684	-4.41904659	-4.05131176	-4.32080129	-3.78268033	-0.53214633	-1.92626807	-2.07713602	-2.60962853	-2.30820579	-2.65353936	-0.0250739200000005	-1.60384153	-2.09088409
"BILF2"	-8.21864695	-8.15368485	-9.54318655	-8.77637429	-8.92827822	-8.75647022	-4.12778872	-3.92647166	-3.6043776	-4.17531684	-4.02904659	-3.80131176	-3.68080129	-3.46268033	-1.53214633	-1.38626807	-1.73713602	-2.72962853	-2.33820579	-2.46353936	-1.16507392	-1.42384153	-1.99088409
"BKRF1"	-8.58864695	-8.05368485	-8.87318655	-8.91637429	-8.48827822	-8.90647022	-6.45778872	-6.40647166	-6.0543776	-6.60531684	-6.11904659	-6.20131176	-7.05080129	-6.76268033	-4.50214633	-4.31626807	-4.68713602	-5.16962853	-4.45820579	-4.70353936	-4.16507392	-3.94384153	-4.78088409
"BKRF3"	-8.17864695	-7.67368485	-9.65318655	-9.55637429	-8.15827822	-8.50647022	-4.13778872	-3.26647166	-3.6743776	-4.10531684	-3.60904659	-3.46131176	-3.63080129	-3.61268033	-0.542146330000001	-1.25626807	-2.16713602	-2.37962853	-1.65820579	-2.66353936	-0.345073920000001	-0.80384153	-2.15088409
"BKRF4"	-6.59864695	-6.65368485	-7.48318655	-7.63637429	-7.02827822	-6.69647022	-2.52778872	-2.13647166	-1.8143776	-2.27531684	-3.38904659	-2.03131176	-2.12080129	-1.98268033	0.657853670000002	-0.396268070000001	-0.447136020000002	-0.919628529999997	-0.648205789999999	-0.943539359999999	0.314926079999999	0.116158469999998	-0.590884089999999
"BLLF1b"	-7.86864695	-7.94368485	-9.26318655	-9.36637429	-8.52827822	-8.47647022	-4.28778872	-4.93647166	-4.9043776	-4.97531684	-5.05904659	-4.79131176	-3.77080129	-5.00268033	0.73785367	-0.806268070000002	-2.55713602	-1.52962853	-1.95820579	-2.69353936	1.08492608	-0.323841529999999	-2.12088409
"BLLF2"	-7.49864695	-7.57368485	-8.28318655	-8.50637429	-8.12827822	-7.69647022	-3.66778872	-4.06647166	-4.3343776	-4.22531684	-4.24904659	-4.04131176	-3.23080129	-4.56268033	1.45785367	-0.126268070000002	-1.66713602	-1.09962853	-1.01820579	-2.07353936	1.73492608	0.44615847	-1.53088409
"BLLF3"	-11.34864695	-10.76368485	-10.16318655	-10.95637429	-11.11827822	-11.43647022	-5.69778872	-5.32647166	-5.4243776	-5.34531684	-5.15904659	-5.04131176	-5.29080129	-5.63268033	-3.33214633	-3.20626807	-3.63713602	-3.86962853	-3.54820579	-3.84353936	-2.91507392	-3.07384153	-3.84088409
"BLRF1"	-8.12864695	-8.45368485	-9.15318655	-8.84637429	-8.50827822	-8.88647022	-5.21778872	-5.08647166	-5.8243776	-5.66531684	-5.22904659	-5.56131176	-4.85080129	-5.79268033	-0.662146329999999	-1.69626807	-2.91713602	-2.77962853	-2.61820579	-3.59353936	-0.275073920000001	-1.28384153	-2.60088409
"BLRF2"	-8.18864695	-8.86368485	-9.62318655	-9.69637429	-9.89827822	-9.32647022	-5.13778872	-5.82647166	-6.0743776	-5.59531684	-6.05904659	-6.02131176	-4.89080129	-6.12268033	-0.382146330000001	-2.13626807	-3.05713602	-2.87962853	-3.05820579	-3.83353936	-0.355073919999999	-1.43384153	-2.92088409
"BLRF3"	-8.11864695	-7.97368485	-8.29318655	-8.45637429	-8.87827822	-8.74647022	-5.07778872	-5.72647166	-4.9843776	-5.13531684	-5.62904659	-4.99131176	-4.80080129	-5.69268033	0.537853670000001	-1.58626807	-2.52713602	-1.80962853	-1.83820579	-2.69353936	0.88492608	-0.87384153	-2.69088409
"BMLF1"	-7.49864695	-7.41368485	-6.70318655	-6.95637429	-8.22827822	-7.92647022	-2.25778872	-1.64647166	-1.4143776	-1.36531684	-1.06904659	-0.971311760000003	-1.64080129	-1.20268033	-0.802146329999999	-0.106268070000002	-0.577136020000001	-0.719628529999998	-0.15820579	-0.193539359999999	-0.505073920000001	-0.493841530000001	-0.450884089999999
"BMRF1"	-8.61864695	-8.54368485	-7.18318655	-7.38637429	-9.26827822	-9.82647022	-1.76778872	-1.26647166	-1.1443776	-1.14531684	-1.00904659	-0.851311760000002	-1.45080129	-1.09268033	-0.322146329999999	-0.0262680700000004	0.0728639799999975	-0.269628529999999	0.32179421	0.246460640000002	-1.05507392	-0.0838415300000008	-0.0908840899999994
"BMRF2"	-8.17864695	-8.43368485	-7.40318655	-7.62637429	-8.84827822	-8.89647022	-1.95778872	-1.43647166	-1.2943776	-1.28531684	-1.07904659	-0.881311759999999	-1.58080129	-1.21268033	-0.44214633	-0.0562680700000016	0.0128639799999988	-0.43962853	0.121794210000001	0.0864606400000021	-0.235073920000001	-0.273841530000002	-0.0408840899999987
"BNLF2a"	-5.59864695	-5.71368485	-5.72318655	-5.66637429	-5.47827822	-5.41647022	-4.65778872	-5.17647166	-5.1543776	-5.12531684	-5.23904659	-5.25131176	-4.23080129	-5.01268033	-1.25214633	-2.24626807	-3.70713602	-3.14962853	-3.39820579	-3.62353936	-0.445073919999999	-1.74384153	-3.12088409
"BNLF2b"	-13.84864695	-13.50368485	-14.85318655	-13.56637429	-13.59827822	-14.90647022	-12.49778872	-12.80647166	-13.6543776	-12.99531684	-12.96904659	-13.40131176	-13.18080129	-13.59268033	-8.66214633	-10.71626807	-11.97713602	-10.92962853	-10.68820579	-12.60353936	-8.57507392	-9.48384153	-13.06088409
"BNRF1"	-7.58864695	-7.36368485	-9.75318655	-9.56637429	-9.42827822	-9.40647022	-5.46778872	-6.34647166	-6.4743776	-8.08531684	-7.69904659	-8.48131176	-6.13080129	-8.24268033	-0.682146329999998	-1.98626807	-3.36713602	-3.87962853	-3.69820579	-5.19353936	-1.01507392	-2.26384153	-4.73088409
"BOLF1"	-10.28864695	-9.16368485	-9.61318655	-9.68637429	-10.21827822	-18.98647022	-2.02778872	-2.09647166	-1.3443776	-1.25531684	-1.02904659	-0.651311760000002	-1.77080129	-0.93268033	0.46785367	0.373731929999998	1.25286398	0.230371470000001	1.23179421	1.14646064	-0.145073920000002	0.10615847	0.279115910000002
"BORF1"	-10.41864695	-10.39368485	-10.75318655	-11.37637429	-10.60827822	-12.27647022	-3.33778872	-3.28647166	-2.6143776	-2.62531684	-2.31904659	-1.99131176	-3.11080129	-2.86268033	-1.37214633	-1.08626807	-0.497136020000003	-1.51962853	-0.42820579	-0.413539359999998	-1.18507392	-1.28384153	-0.860884089999999
"BORF2"	-10.17864695	-10.53368485	-10.01318655	-10.20637429	-11.20827822	-12.31647022	-3.34778872	-3.11647166	-2.5443776	-2.56531684	-1.98904659	-1.89131176	-2.88080129	-2.61268033	-1.28214633	-0.826268070000001	-0.517136020000002	-0.919628529999997	-0.26820579	-0.0435393599999969	-1.05507392	-0.973841530000001	-0.840884089999999
"BPLF1"	-9.86864695	-9.60368485	-10.11318655	-9.92637429	-10.34827822	-11.62647022	-3.90778872	-4.31647166	-3.5543776	-3.02531684	-3.16904659	-2.67131176	-3.76080129	-2.68268033	-1.43214633	-1.25626807	-0.507136020000001	-1.68962853	-0.648205789999999	-0.503539359999998	-1.38507392	-1.57384153	-0.890884089999997
"BRLF1"	-9.25864695	-9.64368485	-9.25318655	-8.73637429	-9.77827822	-10.28647022	-4.28778872	-3.73647166	-3.5343776	-3.71531684	-3.72904659	-3.51131176	-4.12080129	-4.05268033	-2.62214633	-2.76626807	-2.47713602	-2.69962853	-2.13820579	-2.78353936	-2.52507392	-2.58384153	-2.78088409
"BRRF1"	-8.86864695	-8.81368485	-8.20318655	-8.49637429	-9.50827822	-9.41647022	-5.43778872	-5.06647166	-4.7843776	-4.71531684	-4.87904659	-4.32131176	-5.03080129	-4.75268033	-3.01214633	-3.09626807	-2.69713602	-3.16962853	-3.11820579	-2.77353936	-2.94507392	-3.32384153	-2.87088409
"BRRF2"	-8.11864695	-8.28368485	-7.97318655	-7.91637429	-8.16827822	-10.53647022	-5.41778872	-5.26647166	-5.1243776	-5.09531684	-4.91904659	-4.71131176	-4.87080129	-5.25268033	-1.65214633	-2.02626807	-3.49713602	-2.49962853	-2.27820579	-3.08353936	-1.24507392	-1.88384153	-2.92088409
"BSLF1"	-9.69864695	-9.43368485	-9.67318655	-9.61637429	-10.04827822	-9.80647022	-6.22778872	-5.82647166	-5.3843776	-5.53531684	-5.33904659	-5.24131176	-5.60080129	-5.25268033	-2.80214633	-2.66626807	-2.81713602	-3.65962853	-3.12820579	-3.14353936	-2.63507392	-2.63384153	-2.71088409
"BSLF2"	-12.27864695	-11.89368485	-11.53318655	-11.39637429	-13.07827822	-12.83647022	-7.16778872	-6.38647166	-6.5843776	-6.37531684	-6.03904659	-5.94131176	-6.82080129	-6.55268033	-5.85214633	-5.17626807	-5.62713602	-5.38962853	-4.75820579	-5.04353936	-5.35507392	-5.43384153	-5.60088409
"BSRF1"	-8.88864695	-8.98368485	-8.69318655	-8.76637429	-9.74827822	-9.56647022	-4.70778872	-4.15647166	-4.2543776	-4.62531684	-4.67904659	-4.17131176	-4.62080129	-4.51268033	-1.40214633	-1.65626807	-1.13713602	-2.53962853	-1.81820579	-2.24353936	-1.58507392	-1.46384153	-2.11088409
"BTRF1"	-11.32864695	-10.71368485	-12.30318655	-12.26637429	-11.40827822	-11.25647022	-8.98778872	-9.32647166	-9.5743776	-9.67531684	-9.64904659	-9.90131176	-9.80080129	-9.74268033	-6.15214633	-6.68626807	-7.99713602	-7.45962853	-7.47820579	-8.08353936	-5.27507392	-6.20384153	-7.53088409
"BVRF1"	-9.68864695	-9.42368485	-10.70318655	-10.42637429	-9.81827822	-10.62647022	-6.57778872	-6.28647166	-6.1743776	-7.05531684	-6.97904659	-6.63131176	-6.22080129	-6.40268033	-3.27214633	-4.20626807	-4.03713602	-4.72962853	-4.34820579	-4.69353936	-2.38507392	-3.73384153	-4.50088409
"BVRF2"	-8.51864695	-8.46368485	-10.15318655	-10.64637429	-8.57827822	-8.42647022	-5.70778872	-6.76647166	-6.5843776	-6.54531684	-6.97904659	-6.88131176	-5.22080129	-6.52268033	-0.67214633	-2.67626807	-3.85713602	-3.37962853	-3.58820579	-4.47353936	-0.165073920000001	-1.69384153	-3.54088409
"BWRF1_43261"	-5.86864695	-5.48368485	-6.66318655	-6.16637429	-6.28827822	-5.65647022	-4.47778872	-5.09647166	-4.8743776	-4.81531684	-5.04904659	-5.18131176	-5.19080129	-4.83268033	-1.98214633	-1.87626807	-2.39713602	-3.84962853	-2.70820579	-3.09353936	-2.13507392	-1.79384153	-2.40088409
"BXLF1"	-7.19864695	-6.91368485	-7.86318655	-7.93637429	-7.52827822	-7.63647022	-4.39778872	-4.18647166	-3.6243776	-4.52531684	-4.27904659	-4.00131176	-4.08080129	-3.89268033	-2.56214633	-2.12626807	-2.10713602	-3.35962853	-2.75820579	-2.85353936	-2.13507392	-2.04384153	-2.21088409
"BXLF2"	-9.68864695	-9.59368485	-10.49318655	-10.44637429	-9.76827822	-10.67647022	-5.85778872	-5.04647166	-4.8743776	-5.68531684	-5.84904659	-5.42131176	-5.57080129	-5.17268033	-2.94214633	-3.10626807	-3.17713602	-4.41962853	-3.85820579	-4.13353936	-2.77507392	-3.44384153	-3.91088409
"BXRF1"	-11.32864695	-11.95368485	-13.71318655	-13.25637429	-12.03827822	-10.61647022	-9.66778872	-9.93647166	-10.3143776	-10.52531684	-10.68904659	-10.53131176	-9.47080129	-9.94268033	-4.67214633	-6.11626807	-8.46713602	-6.80962853	-6.74820579	-8.02353936	-3.81507392	-5.60384153	-7.43088409
"BYRF1"	-7.26864695	-6.81368485	-7.78318655	-7.63637429	-7.61827822	-7.14647022	-5.23778872	-5.18647166	-4.8543776	-5.65531684	-5.17904659	-5.48131176	-5.60080129	-5.63268033	-3.16214633	-2.27626807	-1.75713602	-4.22962853	-3.18820579	-3.48353936	-3.24507392	-2.53384153	-2.15088409
"EBNA3C"	-6.72864695	-6.47368485	-7.17318655	-7.17637429	-6.91827822	-6.62647022	-4.89778872	-6.04647166	-5.7743776	-5.54531684	-5.71904659	-5.60131176	-4.77080129	-6.14268033	0.64785367	-1.74626807	-3.06713602	-2.18962853	-2.40820579	-3.48353936	0.88492608	-1.03384153	-3.02088409
"exonEBNA"	-6.58864695	-6.15368485	-7.56318655	-7.18637429	-7.15827822	-6.92647022	-4.97778872	-5.31647166	-4.8343776	-5.71531684	-5.20904659	-5.36131176	-5.66080129	-5.53268033	-2.91214633	-2.17626807	-1.76713602	-4.34962853	-3.17820579	-3.44353936	-3.12507392	-2.46384153	-2.24088409
"GAPDH"	1.49135305	1.50631515	1.39681345	1.38362571	1.68172178	1.63352978	1.36221128	1.28352834	1.3856224	1.45468316	1.58095341	1.65868824	1.68919871	1.49731967	1.16785367	1.59373193	1.24286398	1.28037147	1.30179421	1.40646064	1.48492608	1.40615847	1.72911591
"HPRT"	-5.92864695	-5.84368485	-6.17318655	-6.47637429	-6.36827822	-6.54647022	-4.47778872	-5.47647166	-5.4043776	-5.34531684	-5.36904659	-4.97131176	-4.18080129	-5.49268033	1.16785367	-0.966268070000002	-2.64713602	-1.49962853	-1.73820579	-3.12353936	1.56492608	-0.493841530000001	-2.08088409
"LMP-1"	-4.42864695	-4.46368485	-4.54318655	-4.62637429	-4.26827822	-4.69647022	-4.37778872	-4.89647166	-4.8943776	-4.64531684	-4.69904659	-4.84131176	-4.53080129	-5.46268033	-3.21214633	-3.70626807	-4.75713602	-4.51962853	-4.26820579	-5.08353936	-2.82507392	-3.08384153	-4.23088409
"LMP-2A_166576"	-8.70864695	-8.71368485	-9.95318655	-9.63637429	-9.57827822	-8.87647022	-7.06778872	-7.51647166	-7.5643776	-7.41531684	-8.15904659	-7.81131176	-6.92080129	-8.02268033	-0.982146329999999	-3.38626807	-5.21713602	-3.40962853	-3.63820579	-5.53353936	-0.415073920000001	-2.60384153	-5.01088409
"LMP-2A_503"	-5.03864695	-5.05368485	-4.77318655	-4.80637429	-4.80827822	-5.65647022	-4.95778872	-5.37647166	-5.0143776	-5.33531684	-5.30904659	-5.54131176	-5.00080129	-5.70268033	-1.72214633	-3.05626807	-4.57713602	-4.15962853	-3.79820579	-5.19353936	-1.39507392	-3.24384153	-4.90088409
"LMP-2A_59"	-8.12864695	-7.77368485	-8.94318655	-8.83637429	-8.06827822	-8.59647022	-4.16778872	-3.71647166	-3.5643776	-4.62531684	-4.77904659	-4.45131176	-3.66080129	-3.55268033	-1.39214633	-1.42626807	-1.59713602	-2.71962853	-2.27820579	-2.78353936	-1.14507392	-1.42384153	-1.80088409
"house"	0	0	0	0	0	0	0	0	0	0	0	0	0	0	0	0	0	0	0	0	0	0	0
