"WT24h"	"WT24hMBV20uM"	"PKKO24h"	"PKKO24hMBV20uM"	"REV24h"	"WT48h"	"WT48hMBV20uM"	"PKKO48h"	"PKKO48hMBV20uM"	"REV48h"	"REV48hMBV20uM"
"ACTIN"	0.462211279999998	0.473528339999998	0.574683159999999	0.260953410000003	0.219198710000001	0.62785367	0.563731929999999	0.81037147	0.75179421	0.514926079999999	0.71615847
"B-ACT"	-1.96778872	-1.88647166	-2.20531684	-1.99904659	-2.08080129	-1.92214633	-2.34626807	-2.26962853	-2.21820579	-2.15507392	-2.29384153
"BALF1"	-5.93778872	-5.46647166	-5.96531684	-6.08904659	-5.58080129	-1.75214633	-3.15626807	-3.59962853	-3.42820579	-1.35507392	-2.77384153
"BALF2"	-4.41778872	-3.88647166	-4.03531684	-3.98904659	-4.19080129	-1.96214633	-2.46626807	-2.75962853	-2.14820579	-1.84507392	-2.45384153
"BALF3"	-4.96778872	-5.15647166	-5.02531684	-4.77904659	-4.98080129	-1.43214633	-2.74626807	-3.29962853	-2.86820579	-1.10507392	-2.55384153
"BALF4"	-3.27778872	-3.78647166	-3.38531684	-3.02904659	-3.10080129	0.547853669999999	-1.05626807	-1.17962853	-0.85820579	0.914926080000001	-0.583841530000001
"BALF5"	-4.53778872	-4.90647166	-4.46531684	-4.35904659	-4.54080129	-0.972146330000001	-1.94626807	-2.59962853	-2.08820579	-0.36507392	-1.93384153
"BaRF1"	-4.16778872	-3.51647166	-3.05531684	-2.88904659	-3.57080129	-1.77214633	-2.03626807	-1.84962853	-1.15820579	-2.01507392	-1.73384153
"BBLF1"	-4.18778872	-3.07647166	-4.03531684	-3.88904659	-3.55080129	-1.40214633	-1.65626807	-2.48962853	-2.03820579	-3.26507392	-1.47384153
"BBLF2"	-11.59778872	-10.65647166	-11.27531684	-11.42904659	-11.55080129	-8.97214633	-9.62626807	-10.18962853	-10.15820579	-9.88507392	-9.90384153
"BBLF3"	-4.24778872	-3.50647166	-4.07531684	-3.76904659	-3.68080129	-1.88214633	-2.10626807	-2.51962853	-2.12820579	-1.90507392	-1.85384153
"BBLF4"	-6.82778872	-6.64647166	-6.48531684	-6.78904659	-6.29080129	-4.25214633	-4.43626807	-5.21962853	-4.66820579	-4.26507392	-4.52384153
"BBRF1"	-7.47778872	-6.90647166	-7.41531684	-7.72904659	-7.24080129	-3.93214633	-4.82626807	-5.57962853	-5.16820579	-4.03507392	-4.41384153
"BBRF2"	-6.98778872	-6.60647166	-6.94531684	-6.82904659	-6.25080129	-3.41214633	-4.30626807	-5.60962853	-4.71820579	-3.24507392	-3.75384153
"BBRF3"	-5.54778872	-5.83647166	-6.29531684	-6.20904659	-4.91080129	-1.22214633	-2.69626807	-3.78962853	-3.78820579	-0.835073919999999	-2.02384153
"BCLF1"	-5.61778872	-6.16647166	-7.16531684	-6.27904659	-5.12080129	-1.01214633	-1.92626807	-3.85962853	-3.27820579	-0.435073920000001	-1.06384153
"BCRF1_rep1"	-8.88778872	-8.73647166	-10.52531684	-10.37904659	-9.03080129	-4.42214633	-4.78626807	-7.72962853	-7.09820579	-5.26507392	-5.46384153
"BCRF1_rep2"	-9.10778872	-9.37647166	-9.57531684	-9.12904659	-8.89080129	-6.36214633	-6.60626807	-7.13962853	-6.85820579	-5.87507392	-7.20384153
"BDLF1"	-6.41778872	-7.27647166	-7.32531684	-7.88904659	-5.77080129	-0.572146329999999	-1.81626807	-3.31962853	-3.06820579	-0.0650739199999997	-1.26384153
"BDLF2"	-6.12778872	-6.76647166	-7.49531684	-7.86904659	-5.50080129	-0.37214633	-1.69626807	-3.11962853	-2.97820579	-0.215073919999998	-0.753841529999999
"BDLF3"	-9.05778872	-10.23647166	-10.44531684	-10.42904659	-7.94080129	-2.27214633	-4.33626807	-5.82962853	-5.74820579	-2.32507392	-3.69384153
"BDLF4"	-5.29778872	-4.50647166	-5.15531684	-4.89904659	-4.81080129	-2.80214633	-3.34626807	-3.49962853	-3.09820579	-2.61507392	-3.24384153
"BDRF1_129215"	-8.92778872	-8.59647166	-8.43531684	-8.60904659	-8.13080129	-3.75214633	-5.26626807	-4.85962853	-4.87820579	-3.42507392	-5.32384153
"BDRF1_148707"	-4.66778872	-5.22647166	-5.45531684	-5.76904659	-3.84080129	0.197853670000001	-1.43626807	-2.35962853	-2.61820579	0.77492608	-0.563841530000001
"BFLF1"	-5.38778872	-5.11647166	-5.44531684	-5.43904659	-4.89080129	-2.27214633	-2.72626807	-3.77962853	-3.13820579	-2.22507392	-2.50384153
"BFLF2"	-3.96778872	-3.66647166	-3.67531684	-3.93904659	-3.24080129	-0.272146329999998	-1.03626807	-1.75962853	-1.79820579	-0.395073920000002	-1.00384153
"BFRF2"	-3.39778872	-2.86647166	-3.06531684	-2.90904659	-3.07080129	-0.502146329999999	-1.02626807	-1.69962853	-1.05820579	-0.395073920000002	-0.973841530000001
"BFRF3"	-5.14778872	-4.94647166	-5.11531684	-5.14904659	-4.85080129	-1.22214633	-2.11626807	-3.13962853	-2.82820579	-0.97507392	-2.28384153
"BGLF1"	-5.59778872	-5.27647166	-5.26531684	-5.36904659	-5.09080129	-2.98214633	-3.82626807	-3.66962853	-3.49820579	-2.81507392	-3.58384153
"BGLF3"	-7.93778872	-7.95647166	-7.66531684	-8.57904659	-7.60080129	-4.20214633	-5.07626807	-5.04962853	-4.63820579	-3.75507392	-5.28384153
"BGLF4"	-5.77778872	-5.16647166	-6.08531684	-6.06904659	-5.22080129	-2.74214633	-2.91626807	-4.24962853	-3.27820579	-2.55507392	-2.69384153
"BGLF5"	-6.56778872	-6.04647166	-6.52531684	-6.55904659	-6.13080129	-4.01214633	-4.13626807	-4.78962853	-4.43820579	-4.34507392	-4.35384153
"BGRF1"	-7.27778872	-6.97647166	-7.20531684	-7.08904659	-7.15080129	-3.69214633	-4.85626807	-4.51962853	-4.36820579	-3.23507392	-4.68384153
"BHRF1"	-2.45778872	-2.51647166	-2.63531684	-2.02904659	-2.22080129	0.277853669999999	0.593731929999997	-0.539628529999998	0.41179421	0.574926080000001	0.176158470000001
"BILF1"	-4.60778872	-5.14647166	-4.40531684	-4.41904659	-4.32080129	-0.53214633	-1.92626807	-2.60962853	-2.30820579	-0.0250739200000005	-1.60384153
"BILF2"	-4.12778872	-3.92647166	-4.17531684	-4.02904659	-3.68080129	-1.53214633	-1.38626807	-2.72962853	-2.33820579	-1.16507392	-1.42384153
"BKRF1"	-6.45778872	-6.40647166	-6.60531684	-6.11904659	-7.05080129	-4.50214633	-4.31626807	-5.16962853	-4.45820579	-4.16507392	-3.94384153
"BKRF3"	-4.13778872	-3.26647166	-4.10531684	-3.60904659	-3.63080129	-0.542146330000001	-1.25626807	-2.37962853	-1.65820579	-0.345073920000001	-0.80384153
"BKRF4"	-2.52778872	-2.13647166	-2.27531684	-3.38904659	-2.12080129	0.657853670000002	-0.396268070000001	-0.919628529999997	-0.648205789999999	0.314926079999999	0.116158469999998
"BLLF1b"	-4.28778872	-4.93647166	-4.97531684	-5.05904659	-3.77080129	0.73785367	-0.806268070000002	-1.52962853	-1.95820579	1.08492608	-0.323841529999999
"BLLF2"	-3.66778872	-4.06647166	-4.22531684	-4.24904659	-3.23080129	1.45785367	-0.126268070000002	-1.09962853	-1.01820579	1.73492608	0.44615847
"BLLF3"	-5.69778872	-5.32647166	-5.34531684	-5.15904659	-5.29080129	-3.33214633	-3.20626807	-3.86962853	-3.54820579	-2.91507392	-3.07384153
"BLRF1"	-5.21778872	-5.08647166	-5.66531684	-5.22904659	-4.85080129	-0.662146329999999	-1.69626807	-2.77962853	-2.61820579	-0.275073920000001	-1.28384153
"BLRF2"	-5.13778872	-5.82647166	-5.59531684	-6.05904659	-4.89080129	-0.382146330000001	-2.13626807	-2.87962853	-3.05820579	-0.355073919999999	-1.43384153
"BLRF3"	-5.07778872	-5.72647166	-5.13531684	-5.62904659	-4.80080129	0.537853670000001	-1.58626807	-1.80962853	-1.83820579	0.88492608	-0.87384153
"BMLF1"	-2.25778872	-1.64647166	-1.36531684	-1.06904659	-1.64080129	-0.802146329999999	-0.106268070000002	-0.719628529999998	-0.15820579	-0.505073920000001	-0.493841530000001
"BMRF1"	-1.76778872	-1.26647166	-1.14531684	-1.00904659	-1.45080129	-0.322146329999999	-0.0262680700000004	-0.269628529999999	0.32179421	-1.05507392	-0.0838415300000008
"BMRF2"	-1.95778872	-1.43647166	-1.28531684	-1.07904659	-1.58080129	-0.44214633	-0.0562680700000016	-0.43962853	0.121794210000001	-0.235073920000001	-0.273841530000002
"BNLF2a"	-4.65778872	-5.17647166	-5.12531684	-5.23904659	-4.23080129	-1.25214633	-2.24626807	-3.14962853	-3.39820579	-0.445073919999999	-1.74384153
"BNLF2b"	-12.49778872	-12.80647166	-12.99531684	-12.96904659	-13.18080129	-8.66214633	-10.71626807	-10.92962853	-10.68820579	-8.57507392	-9.48384153
"BNRF1"	-5.46778872	-6.34647166	-8.08531684	-7.69904659	-6.13080129	-0.682146329999998	-1.98626807	-3.87962853	-3.69820579	-1.01507392	-2.26384153
"BOLF1"	-2.02778872	-2.09647166	-1.25531684	-1.02904659	-1.77080129	0.46785367	0.373731929999998	0.230371470000001	1.23179421	-0.145073920000002	0.10615847
"BORF1"	-3.33778872	-3.28647166	-2.62531684	-2.31904659	-3.11080129	-1.37214633	-1.08626807	-1.51962853	-0.42820579	-1.18507392	-1.28384153
"BORF2"	-3.34778872	-3.11647166	-2.56531684	-1.98904659	-2.88080129	-1.28214633	-0.826268070000001	-0.919628529999997	-0.26820579	-1.05507392	-0.973841530000001
"BPLF1"	-3.90778872	-4.31647166	-3.02531684	-3.16904659	-3.76080129	-1.43214633	-1.25626807	-1.68962853	-0.648205789999999	-1.38507392	-1.57384153
"BRLF1"	-4.28778872	-3.73647166	-3.71531684	-3.72904659	-4.12080129	-2.62214633	-2.76626807	-2.69962853	-2.13820579	-2.52507392	-2.58384153
"BRRF1"	-5.43778872	-5.06647166	-4.71531684	-4.87904659	-5.03080129	-3.01214633	-3.09626807	-3.16962853	-3.11820579	-2.94507392	-3.32384153
"BRRF2"	-5.41778872	-5.26647166	-5.09531684	-4.91904659	-4.87080129	-1.65214633	-2.02626807	-2.49962853	-2.27820579	-1.24507392	-1.88384153
"BSLF1"	-6.22778872	-5.82647166	-5.53531684	-5.33904659	-5.60080129	-2.80214633	-2.66626807	-3.65962853	-3.12820579	-2.63507392	-2.63384153
"BSLF2"	-7.16778872	-6.38647166	-6.37531684	-6.03904659	-6.82080129	-5.85214633	-5.17626807	-5.38962853	-4.75820579	-5.35507392	-5.43384153
"BSRF1"	-4.70778872	-4.15647166	-4.62531684	-4.67904659	-4.62080129	-1.40214633	-1.65626807	-2.53962853	-1.81820579	-1.58507392	-1.46384153
"BTRF1"	-8.98778872	-9.32647166	-9.67531684	-9.64904659	-9.80080129	-6.15214633	-6.68626807	-7.45962853	-7.47820579	-5.27507392	-6.20384153
"BVRF1"	-6.57778872	-6.28647166	-7.05531684	-6.97904659	-6.22080129	-3.27214633	-4.20626807	-4.72962853	-4.34820579	-2.38507392	-3.73384153
"BVRF2"	-5.70778872	-6.76647166	-6.54531684	-6.97904659	-5.22080129	-0.67214633	-2.67626807	-3.37962853	-3.58820579	-0.165073920000001	-1.69384153
"BWRF1_43261"	-4.47778872	-5.09647166	-4.81531684	-5.04904659	-5.19080129	-1.98214633	-1.87626807	-3.84962853	-2.70820579	-2.13507392	-1.79384153
"BXLF1"	-4.39778872	-4.18647166	-4.52531684	-4.27904659	-4.08080129	-2.56214633	-2.12626807	-3.35962853	-2.75820579	-2.13507392	-2.04384153
"BXLF2"	-5.85778872	-5.04647166	-5.68531684	-5.84904659	-5.57080129	-2.94214633	-3.10626807	-4.41962853	-3.85820579	-2.77507392	-3.44384153
"BXRF1"	-9.66778872	-9.93647166	-10.52531684	-10.68904659	-9.47080129	-4.67214633	-6.11626807	-6.80962853	-6.74820579	-3.81507392	-5.60384153
"BYRF1"	-5.23778872	-5.18647166	-5.65531684	-5.17904659	-5.60080129	-3.16214633	-2.27626807	-4.22962853	-3.18820579	-3.24507392	-2.53384153
"EBNA3C"	-4.89778872	-6.04647166	-5.54531684	-5.71904659	-4.77080129	0.64785367	-1.74626807	-2.18962853	-2.40820579	0.88492608	-1.03384153
"exonEBNA"	-4.97778872	-5.31647166	-5.71531684	-5.20904659	-5.66080129	-2.91214633	-2.17626807	-4.34962853	-3.17820579	-3.12507392	-2.46384153
"GAPDH"	1.36221128	1.28352834	1.45468316	1.58095341	1.68919871	1.16785367	1.59373193	1.28037147	1.30179421	1.48492608	1.40615847
"HPRT"	-4.47778872	-5.47647166	-5.34531684	-5.36904659	-4.18080129	1.16785367	-0.966268070000002	-1.49962853	-1.73820579	1.56492608	-0.493841530000001
"LMP-1"	-4.37778872	-4.89647166	-4.64531684	-4.69904659	-4.53080129	-3.21214633	-3.70626807	-4.51962853	-4.26820579	-2.82507392	-3.08384153
"LMP-2A_166576"	-7.06778872	-7.51647166	-7.41531684	-8.15904659	-6.92080129	-0.982146329999999	-3.38626807	-3.40962853	-3.63820579	-0.415073920000001	-2.60384153
"LMP-2A_503"	-4.95778872	-5.37647166	-5.33531684	-5.30904659	-5.00080129	-1.72214633	-3.05626807	-4.15962853	-3.79820579	-1.39507392	-3.24384153
"LMP-2A_59"	-4.16778872	-3.71647166	-4.62531684	-4.77904659	-3.66080129	-1.39214633	-1.42626807	-2.71962853	-2.27820579	-1.14507392	-1.42384153
