"eff.sorted._1."	"X629"	"X731"	"X1314"	"X1700"	"X2572"	"X2741"	"X2858"	"X2910"	"X2969"	"X3544"	"X3937"	"X4428"	"X4678"	"X5485"	"X7121"	"X8239"	"filename"
"K1_348"	44.9189444338532	32.315065328312	46.0808012991893	45.4688143522143	46.3814078808415	45.9669706833714	44.7980736492831	46.0686343990171	46.0207604319808	45.5754322330624	46.0959092976311	45.1578766172742	46.2593358621907	45.2466477601807	46.3470113857781	46.0041838837708	"a.xlsx"
"K1_622"	42.9694510861982	43.0392376918021	43.1308123028111	43.1575004164521	42.210950380846	42.6646639954545	41.9959981233968	36.1755675374031	42.4158740752102	42.2783552056707	42.7850150663923	42.1246230137851	43.1955426222928	42.3028788279812	42.2729294126329	42.1123665008921	"a.xlsx"
"K2orOrf2_17821"	28.1143475997592	25.9712742154068	26.4492258334998	31.2595776026936	41.6796549034894	28.0912209085612	27.3820023784877	25.077042155749	24.3138613462135	24.6684706112502	25.9635653183408	41.7112199521253	26.9734308339889	25.4239425237197	28.507501350126	24.9845353909568	"a.xlsx"
"K3_18883"	32.2104341170918	49.4789347349001	48.5067998275751	49.011974692332	48.2398840771619	33.020591525786	33.1986480991253	32.1303086590891	32.0857945157543	49.6455670212947	49.2466690848611	48.086236598712	49.6821491111421	49.7596146944783	49.3178918751164	31.8988351137479	"a.xlsx"
"K3_19081"	44.8488530241661	45.7834980030155	46.1539083690572	44.9482246043225	45.0967407595437	29.8930943129457	30.4985870667873	45.6996016991409	46.3451177416544	30.1170436876542	45.6225282871499	45.0458600386137	45.3370938261944	31.4607399359054	45.7696887412363	46.1795110594386	"a.xlsx"
"K3_19577"	28.7881823107042	28.5670020745022	28.7466197865366	28.3765130611749	28.4293652170221	28.4628282784642	28.5255967986187	28.4529960729156	29.2911714627003	20.2596110486599	29.1922356445181	29.0868856653636	28.5363368793502	19.1963481109975	28.8684363815166	26.9147398598987	"a.xlsx"
"K4_21778"	31.1713934439825	49.0001165529199	49.9375627783426	48.931917102383	49.0194743761338	35.126107054108	32.713821427977	49.0165956817442	48.5405186858151	31.879834204073	49.3502945173636	48.4251579681956	48.6719577497341	32.1219595271419	48.7600818518159	48.6507149250296	"a.xlsx"
"K5_26200"	45.464626299198	29.2378350313911	25.3062793420636	35.7821334256514	31.1870240334839	31.9749940556064	29.6110839892387	28.7318753329755	28.7484641755465	27.8443722554269	30.4156428539323	46.2165631262973	29.3622513506736	30.5400591732148	45.5252640776759	28.9475302863986	"a.xlsx"
"K7_28624"	28.858585221988	46.4708043668692	26.5721631880797	34.1935699677739	46.3935664612	47.566850352894	47.3780704702929	46.3630794750433	30.1345286042064	29.1154865741125	29.8947540088902	46.7515339650388	46.4180403507777	29.3638245478328	47.6203903174649	47.4352507015076	"a.xlsx"
"K7_28694"	24.8506749335687	27.1006579903077	21.7006986541342	24.8972263071564	25.2153273600057	24.2765413259871	24.3075755750455	24.8196406845103	25.4868770392674	22.7946559334452	42.1304032943483	42.9610087932077	25.3472229185042	22.5386233787128	27.8609970922402	22.1351781409527	"a.xlsx"
"Orf10or4_6_7_8_9_15008"	39.895614812387	39.8428212882345	39.0055150425254	38.9071530895942	26.28055603795	27.2443202714162	27.7333946585482	39.2119070818664	38.8830338487021	25.3959067788729	39.0894442427899	39.4543135716859	27.2730893530122	39.6456166332915	39.879324793045	31.2863762356548	"a.xlsx"
"Orf10or4_6_7_8_9_15244"	41.9679892051808	43.1719593373019	42.6820836499241	42.4006567607756	42.3456671376693	42.4573360241027	27.946341277151	28.4273721375573	26.6351442544307	28.6446118809665	43.184712477831	42.506645387649	42.0731794209639	42.8436236735852	42.4098537961924	41.9900398320604	"a.xlsx"
"Orf10or4_6_7_8_9_15288"	43.3186347721079	45.0426751817648	29.0802410269666	46.0120464231359	45.4637671269521	46.2873607629582	45.7817862431276	46.3564742677997	45.0538694164245	30.5317647519293	45.3584543047281	45.9549818780433	46.3270258357472	44.8689399600267	45.3625796251777	45.3993706774534	"a.xlsx"
"Orf11or10_9_8_7_6_4_16677"	31.5749356490973	50.1193683752686	29.548257018965	32.0950567134676	49.0684177567905	31.2072638622149	31.3686807442608	28.7232373996191	29.880058387615	29.2702612776636	49.7290733298923	49.7447601423757	43.9551883682718	31.0996526075176	50.0929761265745	30.9292681209136	"a.xlsx"
"Orf22or21_38336"	35.6826003702254	45.5826139449223	31.3197347740519	46.353795369867	46.0470826085377	45.3129716578343	45.7389613892902	45.4356155837945	46.05480687624	32.11599921746	45.1283258280006	45.0120059564842	45.1527419741326	45.5232293539313	46.0668496669781	45.7160570930321	"a.xlsx"
"Orf22or21_38857"	33.709225533927	49.5760935608584	50.0135934347016	48.753357625134	48.9742590376838	49.3889191603903	49.9892068073958	49.1544729434612	49.441564649036	32.4268580821176	48.7932888683246	50.0617576212596	48.6079894330701	49.0596132058132	49.5387314617712	49.3275850273645	"a.xlsx"
"Orf34orOrf35_55680"	45.2175139623528	46.3805691286699	28.4000984815555	46.4318133368896	46.0886359783564	29.8847998916602	29.1797740823926	38.3498413101321	45.9272739432257	29.6774393595227	45.2326586218365	45.8975798611812	44.867477633729	45.8456328704679	45.6161203960356	28.541103643409	"a.xlsx"
"Orf36orOrf34or35_56709"	41.8743384551019	44.449537827262	30.943512822987	31.1901975290995	41.8868446733991	41.879803407972	31.6989847354565	36.4006923540094	41.9747973662872	42.3679131374452	29.8411405425467	36.3986463771616	41.6863525813862	42.3060479924044	41.7633487513676	26.1331610537932	"a.xlsx"
"ORF16_30265"	49.6802126886691	49.7537526340235	48.664940530914	49.2510476097655	49.5528857934189	48.7655206406863	48.8026009216949	49.1613230087217	48.1949066475752	48.8413985053061	48.8203949963667	49.1820010887084	49.1726875500384	48.8794020421734	48.2554295007399	48.6283230226706	"a.xlsx"
"ORF16_30403"	42.2562657679816	43.1203410918627	43.0723057596949	43.1574373832085	43.36244501303	42.019169740094	27.9385827148864	42.3166720562296	42.5275256860209	42.7614922885319	42.4871879803284	42.8875945344545	42.7021487500419	43.1320609744268	42.0796261192298	42.1284140972801	"a.xlsx"
"ORF17_31829"	46.7508447503862	47.4761003333068	47.1407550054585	47.3290276383092	47.6896347910419	46.4455885497087	47.8190064038754	46.3784706381769	46.7524358697111	46.3181460105583	46.7583838127401	47.4336309816765	34.0993728053282	30.3914299563309	47.9357726193411	47.2029230300552	"a.xlsx"
"ORF17_32510"	31.320151250395	49.1618169405879	49.2195254735539	48.5518362554855	49.3078530358167	39.8401582846838	48.1214641884187	48.2585625657751	49.181126052761	48.3470638702906	43.2580003784048	48.1101257687598	48.7020063434202	48.9532548790464	48.5540586497715	30.2072976670239	"a.xlsx"
"ORF17orOrf17.5_31509"	28.3831371924599	29.2463430715248	20.3905547601947	28.8833615565982	28.883820935392	19.6206057363702	20.757197152492	28.9998244462829	29.06230679417	20.2019958155846	29.0381727684014	28.8324244461692	28.3635646022926	20.327701778658	28.9266966405363	18.2954553756383	"a.xlsx"
"ORF18_32935"	44.9417828319291	45.9437273997416	27.3301181357259	45.9144464544766	45.0027319619855	46.2492424131842	46.2578623623824	45.401498635838	45.8299745856083	30.5815312796423	45.1883174284821	45.8343489418219	45.9698385974446	31.6598060467574	45.8717670084554	27.9521997321385	"a.xlsx"
"Orf18or20or19_33405"	39.8968208921379	38.914754310585	38.8525491428238	39.8282245877297	40.17255010198	39.3172882267127	39.3162311411269	39.6200463355225	39.4331179324353	39.3898628880013	39.9560441761424	40.1790958811536	39.2387897453739	39.9584162977533	39.9287015065886	39.2104610755257	"a.xlsx"
"Orf20orOrf19_34089"	29.9413562044049	29.494240174576	26.1794144361893	30.7893348816666	37.6542226364631	31.436882235212	29.8488494396127	33.7880958403467	36.125417971104	34.4973143704202	33.1174217956034	29.008579659417	33.6955890755546	28.5768814237201	29.972191792669	26.9657219369229	"a.xlsx"
"Orf20orOrf19_34848"	42.0564848090048	41.7400774008302	42.3884916824261	42.751607979531	42.9613659718104	42.9245425613446	41.7273655617982	43.1204132601963	42.2324452272126	42.1814041761672	42.3354164772101	42.2711895292504	42.6700156034046	42.0641412713584	42.4588223295614	27.2278244371674	"a.xlsx"
"Orf20orOrf19_35199"	46.2985998701029	45.2088515693411	45.9732093762727	45.0418899441778	45.8786503846079	45.8478913320885	44.8791748803006	46.3971547295518	45.6074928329062	46.2762694417039	45.2995148805517	45.9144741899194	44.9999941258991	45.6866217714793	46.0297869634811	46.2202758209618	"a.xlsx"
"Orf20orOrf19_35440"	43.1688647317441	42.7752114796262	42.4857071141012	41.6848058529117	42.554236524863	41.7266976600246	43.0973700426985	42.1536621220027	42.3801695080372	41.9111517586691	42.6822150881852	41.7109222525356	41.756696628284	41.6693947223902	41.6615207662536	42.0632231790599	"a.xlsx"
"Orf21_36102"	36.8844191672503	38.1397180092928	48.475187350284	37.2583379712629	39.6621017113444	43.5632918445825	40.053826172691	37.4185888872684	38.8875556173182	43.1705930505296	39.9647978860214	45.9940321553298	50.1503588240048	39.7244215120132	40.7827064008186	37.516520002605	"a.xlsx"
"Orf21_36500"	31.4192678294779	46.2009734927322	44.9541920839977	45.2021547072723	45.7548315849986	45.1172336635863	45.1031800171344	45.1752897705526	45.4498717624376	45.1055201235186	45.4480431528656	46.1512655439243	45.7836471160233	44.8308843022642	45.1049361253807	45.8346963592479	"a.xlsx"
"Orf23or24_39603"	43.1333877170565	42.3842852999563	42.4119651519118	41.9692669018316	42.1243182713939	42.4693659259769	42.4661183771432	42.8933762992339	41.8548061968794	41.9844654823529	41.9398164723518	41.8184486833924	42.8386000385311	42.9813137468769	42.1197925730276	25.3699802442576	"a.xlsx"
"Orf23or24_39786"	41.7441277062919	41.9403482097358	43.0967451581544	41.94095161546	42.2740232749797	27.6209781875342	41.7021664087312	42.0027328701903	42.953300248085	42.0122366743958	42.1738807038006	42.5495352471767	42.6683844199544	42.1274853128834	41.8741617995793	26.1331610537932	"a.xlsx"
"Orf24_41283"	43.1142448312794	42.2851367992513	41.7456485718032	42.2233732433502	29.6175825276323	42.3438293552263	42.1669375985983	42.9302842332396	42.1568754692779	43.0215870354833	42.2120939874783	42.1785153211862	42.2044838513719	42.2417789059823	41.8136330152127	28.2916522322776	"a.xlsx"
"Orf24_41630"	42.9106174877517	42.1988310641857	42.8604536695648	42.2701618599342	41.7522893725038	42.65408210722	41.7118302002431	31.9148338533049	42.0821771392413	42.436615594969	42.8769974084826	41.7405298700466	42.7544372736299	41.9949708649631	41.9404763542986	42.6902225275383	"a.xlsx"
"Orf25_45767"	42.74749443211	42.9382431028824	42.3955661145284	43.108490609392	43.0221447675996	42.2948259635892	30.9876976848809	41.9346048290443	42.269793785056	43.2140383720719	43.1577243900569	42.5805307784316	43.4103307022563	42.9631113290113	42.602890522153	42.6175506577442	"a.xlsx"
"Orf25_46047"	48.2448184607806	48.3371331546475	49.678191809527	48.7693159232667	48.9398059970006	49.1066916484277	49.0929468813645	48.4002697514543	48.1243767999111	48.4932601969271	49.8489261592549	48.6728819104084	49.4301741650816	49.5126234455843	48.6027138930392	48.9388994570295	"a.xlsx"
"Orf26orOrf25_47305"	32.382020059327	49.3144924847544	48.9227205941567	48.6099146661093	48.5563195144812	48.4894645605124	49.1252200722741	49.4384999824415	49.4220285643543	48.9248636779641	48.4985844720761	49.2898826958137	48.831513251645	48.9143113954077	48.9826345179829	50.0781355842946	"a.xlsx"
"Orf27or26or25_48071"	40.0869473764249	39.8549689767345	40.1457404378099	32.1566409539339	39.0725982464977	39.8783095964318	39.3861173183023	39.4368469753601	39.1224727285578	30.7757250373257	40.2214290851875	39.1008896184045	39.7680632148663	40.1768601672224	39.8080876138646	31.0562235828867	"a.xlsx"
"Orf27or26or25_48265"	43.2679036490117	42.0792300277912	42.3016498591091	43.0727507046161	29.2265040508128	42.0016790766264	43.0472633639877	42.9345954117162	42.3881541530845	41.9321134336679	41.909704080292	42.142210827837	43.2290952262947	42.122515135281	43.3932986457479	42.0137893741002	"a.xlsx"
"Orf29_49612"	49.437211070412	48.8581132860166	48.4810100636363	48.6278683275602	48.5305580283013	50.1256684420911	49.1619513215716	48.4941275420144	48.6427270427926	48.4813641996467	49.8425807429341	49.6092084352072	50.1802939206578	48.4766762076287	48.4671862358061	31.8977694131892	"a.xlsx"
"Orf29_49613"	48.7653580006253	48.2273417844208	34.3916271404991	49.1002276808663	32.3973935190982	49.0497991406484	49.2525210857683	48.1242458529178	49.1941051325884	48.7544989162283	48.3234396205923	49.798046339818	48.8785282710799	49.1076016998088	49.5128886781052	31.4091795370647	"a.xlsx"
"Orf29_54355"	39.3507949523689	39.3635089396012	32.0883661169812	39.7714025118027	27.4744729241842	38.6749681882711	37.2036877956645	37.3085653529461	28.1289695304933	37.6709726804076	32.8504144182688	38.9311374175374	31.7538738115898	39.7577249027059	35.4626234639378	39.2012771370802	"a.xlsx"
"Orf30orOrf29_50891"	49.2694910080181	31.6228474250719	49.2915995287121	48.5099575636868	49.6702106163626	48.4623763272927	49.7380833459705	31.7830983410774	32.4864218057679	49.0793798463782	48.5079412369408	49.3293581366372	48.2139313309657	48.693987249413	31.9522520857498	31.2222201350583	"a.xlsx"
"Orf30orOrf29or31_50984"	42.4572638486537	42.6576468123657	42.2971051873073	42.0571532140594	41.7399964831793	28.522919144258	27.9447518643069	42.3027709775904	42.0494822649716	42.6005723412572	42.4611197373022	42.0994326788014	43.1359416591016	42.7757357467719	42.9605587312446	41.9846625972108	"a.xlsx"
"Orf30orOrf29or31_51123"	49.312328408481	49.253690136192	49.6167815185453	48.5164854994402	48.5777445609929	48.5580957234116	49.1094924909472	49.8069147589538	49.1063770148847	49.2038786406993	48.7633673950624	49.7266994761443	48.77091179202	48.781934053761	48.5154063489933	32.9493688964502	"a.xlsx"
"Orf32or29_30_31_51996"	45.5641913650538	45.4776476228065	29.3539569293881	46.3445625387993	45.1294989937005	44.998741618193	45.0476392304391	45.5454802641991	44.9491423114886	46.3649486716805	45.2449156362231	45.962166499056	30.6312978073553	45.4493878226258	45.3313998470532	30.1336325302252	"a.xlsx"
"Orf32or29_30_31_52828"	49.3549311099375	48.7990665153311	49.4892465210442	48.102133330377	31.1777059917235	48.4711739063199	48.7971449618353	32.2371426030927	48.9513870099127	30.6257306143715	48.3421181780241	49.8243515005891	48.4495003884018	31.8276124844122	48.5288218979316	29.7710590623425	"a.xlsx"
"Orf33or29_30_31_32_53424"	45.4742763349153	46.3709207831349	30.6064145434988	30.2995209559352	45.6722046763617	31.1123742419143	30.5234703306438	45.6674738206962	45.2994641600207	32.2404155367425	32.033055004605	45.4087713850239	45.5803378588258	45.6471172358778	45.7332472581245	28.4000984815555	"a.xlsx"
"Orf34_55359"	48.4149152988638	48.6753659665216	48.9826433821243	48.2100099373542	49.4222260077779	48.7585026758311	49.4645265356009	48.7053341656894	48.9496406621026	49.8016135581745	49.6833868214493	48.4304826876183	49.3672742402209	48.8519374979281	49.002732641744	48.0772565416074	"a.xlsx"
"Orf37or34_35_36_57765"	33.8129432771462	49.42748569432	31.6851672257407	49.753735408629	32.7089925224421	48.8404573769087	48.8201690837627	43.1493460963618	48.7960405549387	32.9404660677833	48.206270690993	48.8759556656599	49.2952437124531	48.1248149364236	48.8644831142789	32.5309359491027	"a.xlsx"
"Orf37or34_35_36_58237"	31.1242890197217	48.6253768492278	30.8215928450448	49.1113580476081	30.3230344396945	33.1452311271235	31.9789605717507	30.6969532437072	48.1884405275649	30.0025326076837	48.9201706217595	49.4452829711326	48.8551137014868	29.7532534050086	49.2391739645544	29.0054157969832	"a.xlsx"
"Orf39_60036"	48.1117828459109	48.8151823204345	49.4508879549073	49.4632557658023	33.1363282984566	34.151250766491	48.8490221933873	48.4432240893374	49.7552714984228	49.0403588558256	49.6280131660468	49.4642558531392	48.3343380174439	49.6882872749793	48.3703346142651	29.343723286328	"a.xlsx"
"ORF4_2109"	49.444721998694	48.1479404340472	48.7861890674044	48.1910389855867	48.3963838566655	48.5798323625547	49.3444464276786	49.1003747260376	48.6610139692696	49.5718171732108	49.4794145261892	48.4468339163968	49.5317202331083	49.7455397590952	49.4276125196557	49.3234928072959	"a.xlsx"
"ORF4_2360"	49.6802104966851	49.8694472422563	49.8253095859036	48.7457682479043	48.5292406969961	48.7261421378092	50.2067885215048	49.1584709921705	49.6213013568588	49.0527803828055	49.5853180448832	49.2634373643427	48.969961813628	48.724612990698	49.4512653350713	49.4415326305812	"a.xlsx"
"ORF4_2545"	49.0237946851029	48.4725930396232	49.09672929444	48.7285914448363	49.790497043469	49.3581079535927	49.4800500789894	49.3983841430993	48.8390196049408	48.0900315500506	48.467279670792	48.9583951714248	49.2726967563414	48.183582820375	48.553109744865	48.7708719804228	"a.xlsx"
"Orf40_60631"	42.571218246263	42.291746642437	42.8386224219642	42.3998005733548	42.9678853716244	43.0577317950732	42.4573328117694	27.4822180403459	42.3214513902778	41.8313205784384	42.2438139723907	41.8355931895792	42.0418062723062	42.8862234942811	41.8582736830288	25.3776891413236	"a.xlsx"
"Orf40_61476"	47.1887811858157	47.1695465398391	47.7802532302774	46.6805280423524	47.7003148631024	47.4607860154655	46.9337704320514	47.0553919784829	47.3662283263735	46.303027710041	47.556054603963	46.7182037899931	46.5897320608992	47.9534302674002	47.3200020426947	29.9375709009109	"a.xlsx"
"Orf40_62028"	45.8495683169399	45.2159294284623	29.8267389426617	45.0764654131655	45.4609027786381	45.5210039814134	29.8350333639472	45.1120310709468	44.8689245896422	45.4708166110185	45.2376202117128	46.1132307461625	45.0374586833593	45.9059496510461	45.2824366282353	27.8360778341414	"a.xlsx"
"Orf40_62161"	46.4291873100671	44.8460984442289	45.9733158863364	45.8462729323684	46.0075256799901	46.1877538909698	45.3056339772227	45.8362387447978	30.9630746587753	45.190472564194	45.623001941801	45.0323783060372	46.1422972800667	44.9429512615652	46.3376118025497	30.5898257009278	"a.xlsx"
"Orf42orOrf43_62906"	29.3786067185858	42.0852363127859	30.4115989254319	42.2673322025541	29.3786067185858	42.4871879450937	30.6659925286104	41.853456499263	41.7639555091862	43.030028753789	42.8220345892553	41.6553409700821	29.2629732625955	41.6959306392587	42.8017391024121	27.4590913491479	"a.xlsx"
"ORF6or4_5672"	49.2277256576572	48.6566040767351	49.4236047088723	33.1986480991253	48.6791755438993	33.4301216444665	48.3913034419144	32.3528793757633	49.6487483854241	37.3651719152666	49.0268169537471	49.1604012652152	49.3521903942019	49.0831799798453	49.4824291153338	48.1620428674614	"a.xlsx"
"ORF6or4_5859"	42.7799466443049	42.6329850025852	42.3858579974983	43.028556180848	27.6592744733602	42.3077749570108	42.4282238107838	42.7473369622642	42.5506291688358	43.3324929111573	42.4234228738058	41.9249966228249	43.2092927653543	42.9460479265888	42.3128174264647	28.5437505715265	"a.xlsx"
"ORF6or4_5921"	35.1033461094327	35.5145949610888	35.3917598474187	35.275049292412	23.008833522084	34.4819740905921	22.2541336353343	35.2510582755237	34.3618690150783	35.0246599934668	35.5087099862652	35.4215200597661	34.3084162863507	35.5138991984076	35.128050150639	34.5458828624961	"a.xlsx"
"Orf7or6or4_8189"	48.3687831281608	37.0446700832557	48.8868514171387	49.6296856544329	31.613944596405	48.7668237059231	48.3637037427875	49.6541071812068	45.959896098438	48.4466657915712	49.6533956770609	49.5934424405393	49.090325913421	49.0308086476968	49.7932108643732	48.2711148003257	"a.xlsx"
"Orf7or6or4_8314"	48.8611321797175	48.2919192964672	49.3465426997401	49.0609954675924	49.6740386437754	48.3769825793039	48.6036221435271	49.551462190219	48.1442199789124	48.2731681656084	48.9367466292924	49.2004714642919	49.5571583927184	49.6464432491316	49.2845505345162	49.4788923044625	"a.xlsx"
"ORF70_20979"	42.3417931764452	41.7632633709581	28.4766657618619	42.3514554520121	42.7038273149294	30.0261540721311	42.1701438981469	42.6680859790844	42.2944556039543	28.4458301735979	41.9479110281101	41.8843621983097	42.2920838477775	41.7213997479311	41.8208554951258	42.7614213402206	"a.xlsx"
"ORF71_vFLIP_122381"	31.2790046986798	29.3509697186866	28.552852913015	34.9646901720621	31.296939907796	29.0191683500366	29.4765161825001	28.3376304036204	28.4362740537596	28.6783993768285	29.9069612012893	49.0509229595709	30.7678512388676	30.4539850793339	32.1129919225838	27.3332586931124	"a.xlsx"
"ORF71_vFLIP_122443"	31.8276124844122	29.3259176289941	27.3138783502592	29.4861685449995	29.0766384263189	28.497954562966	28.6493026503045	28.0350074722836	27.9548820142809	28.5157602202999	29.058832768985	48.6834012843217	29.5840996603361	29.8422816916782	30.4921881843669	27.4207122942628	"a.xlsx"
"Orf73_LANA_124002"	48.8929347789324	34.3738214831652	36.1632900452258	35.6024118392068	32.9760773824511	29.637516632338	35.1661732345254	34.9525053465181	32.433004833766	34.6765176578421	49.3221592524888	49.6954853768336	49.1857498059273	33.9909998504855	33.1808424417914	49.3826709964142	"a.xlsx"
"Orf73_LANAor72_vCyc_123511"	27.6701894084314	28.9558247076841	26.5255592710323	34.2144878026917	31.6266283616154	28.8894693374001	30.6395922286408	27.3135292931549	27.3384125570114	28.6655199626915	27.2554683441564	29.7935612575197	31.2119072973404	30.5151759093583	34.7868028713913	26.6416811690293	"a.xlsx"
"Orf8or4_6_7_10202"	50.0219600609114	49.139897242555	48.7528301201006	49.411105471971	48.6159927012865	48.4493562994269	49.6777277445738	49.8658946590936	49.3959445242406	49.4495339252832	49.1132254221189	48.8908284773463	50.0169373911671	49.1464918394903	49.4136436683118	49.0784537866028	"a.xlsx"
"Orf8or4_6_7_10467"	49.6148531370773	49.0622670802122	49.1579769814284	48.9754821666594	48.970404927931	49.4821231131438	48.5544244454309	49.4259542841953	49.6554010720036	49.7638190078365	48.8648806009332	48.3567968802761	48.8271655079615	48.7026086128613	48.6801570572446	49.5445687846583	"a.xlsx"
"Orf8or4_6_7_10765"	49.1936816557179	48.5775714312995	49.6116844595804	49.3724482233628	48.48171166137	49.1580023509835	48.9650116749227	49.4331899563052	48.9850070886097	48.7480521043398	50.1157517673065	49.7110294901914	48.5171329556127	49.6517774866881	50.1311311855036	50.0128864196164	"a.xlsx"
"Orf9or4_6_7_8_13610"	50.0766941980244	48.5030009672246	49.5825107782688	48.9265605387225	48.9867389594134	50.0732892238006	49.0976760261199	49.4227175664226	49.6342899813662	49.3188697263422	49.8616523071736	49.6889465897633	43.8400266950224	49.4187913981523	49.9378389584461	50.1717483351929	"a.xlsx"
"Orf9or4_6_7_8_13806"	48.8823653299059	49.113521379312	49.0356116490236	49.4996184812332	49.4819138563148	48.1332397583274	48.8890327693829	49.112214767012	48.7933008304406	49.0288421411034	49.4493448601197	49.6753973074451	48.9226754026549	31.8988351137479	48.4222299426383	30.7325645583751	"a.xlsx"
"ACTIN_2"	6.69345783331168	6.48319214221288	6.12523983474708	6.83613812370015	6.39558143758839	6.65591038847261	6.25540431018919	5.97254689240152	6.22036002833939	6.80610016782889	6.46066367530944	8.15530501904617	6.71848946320439	6.86367291658213	6.85866659060359	6.18531574648959	"b.xlsx"
"B2M_2"	6.06266076001529	5.60458193297863	5.54450602123611	6.00008168528351	5.43687001269744	5.75977803831345	5.61960091091426	5.24662962551282	5.57704714009664	6.17279993154323	6.06266076001529	7.14402717138053	5.99757852229424	6.03262280414403	6.00258484827278	5.64963886678551	"b.xlsx"
"BACT_2"	20.1377838674823	19.3134783469141	18.3490408878492	20.0635963706312	18.90132558663	19.5195547270561	18.9095686418356	17.6566242505719	18.4891728263458	20.5169644069437	19.4288811197936	23	20.4675060757096	20.99	20.3521033028301	18.8683533658072	"b.xlsx"
"K14_128145"	49.6075859535255	49.5642475553208	49.6958807105615	49.7357688627277	48.9974647814143	48.686374115325	49.6852973029387	49.2696769550598	49.1948238574777	48.5500567501558	48.944251237833	49.1661972142339	49.0477688868456	49.4518716437352	49.9533926254053	49.1421945679304	"b.xlsx"
"K14_128651"	40.5901150344418	40.0488512073163	41.3145319779674	40.9308274610446	39.9908472005351	40.8111521479245	41.3465591057024	39.9035680863707	40.1874852660602	40.485934759317	41.0241227534989	41.0674736959151	40.8544077392531	40.6212291321758	41.1281816812946	26.6033982940745	"b.xlsx"
"K14orORF74_129773"	47.5477878780927	48.4683448965793	29.1128763164536	47.5866744474514	48.30749894322	48.2889894856865	31.1460452825636	48.2890141053294	30.6289893816994	30.2872066675689	48.9598682056064	48.0781709229492	47.9359693742216	47.5855426474276	48.3025204653038	30.6640440190461	"b.xlsx"
"K14orORF74_129945"	40.6634428936616	40.4625323142234	25.1997199614241	40.5193290992516	39.9046227973674	40.5274009281226	40.8193148366973	39.9601858600673	26.8767461799064	26.4630304608095	25.9458858119382	40.6367528514916	40.8552871687868	40.7926325060874	40.6113334212957	25.2144955228204	"b.xlsx"
"K14orORF74_130126"	43.7579119691586	44.9137005758514	28.8615973840814	43.7228255117152	44.7877488315654	42.2900753854134	44.975805234995	44.2370186716723	44.8333056745257	44.2041147219763	43.7780386717822	45.0619329099459	29.1444749837574	44.8770914137935	45.1917089043511	44.4013123214638	"b.xlsx"
"K15_130749"	25.7741904390467	24.9659687256868	23.8829516297845	28.2473488819279	26.0651502558562	25.8550126103826	26.0974791243906	25.0710375484236	24.4648712634036	24.2224047493957	25.5155594907715	44.2219483449573	25.5236417079051	25.2326818910955	44.9265013719928	23.7213072871126	"b.xlsx"
"K15_131458"	26.412685592601	26.7278920608113	23.7859650241813	28.4413220931343	27.9078957623167	26.3399456383986	25.7256971362451	24.7719955144804	24.5214467833388	24.1335003609261	26.5662477181393	44.3966274198793	26.0166569530546	25.2488463253627	28.4009110074663	24.7073377774116	"b.xlsx"
"K5_26200_2"	22.127415319183	20.3193851713493	16.9068779386831	21.0318208918533	27.7381480115802	20.2595166234078	19.0860930837541	20.0499767056125	21.2353739548544	20.6067542014685	27.0323800712807	27.800078742521	20.7205044425574	19.9242527549353	28.4444757648072	19.5051729193447	"b.xlsx"
"Orf34orOrf35_55680_2"	40.2264584587391	40.5536296028851	40.417691296525	40.707446018843	40.6464791488638	26.0197636189198	40.6908379384489	40.2491055951201	40.6736246464516	40.520030316269	41.1202039296039	40.9842431896769	39.9690751033001	41.3231414672942	41.0224053967022	24.3427374004375	"b.xlsx"
"Orf36orOrf34or35_56709_2"	48.7884323062195	47.8884549912149	48.5026117914911	48.7640399730853	49.5866532110858	37.4463529415698	43.1737626644072	36.8036503404272	48.2203391963004	49.8551022076474	33.2598596091273	49.4706974042046	40.8560792182075	48.2858999643249	49.929716034482	33.8668565102064	"b.xlsx"
"Orf21_36102_2"	32.6327190049698	33.2829539063663	42.6631454924367	31.9068753941085	31.914436265055	31.1885926541937	29.9637315608654	31.6724883947679	29.9108054642401	32.3605276508968	36.0872832373039	41.5390182533201	32.4058928765756	33.6231930989575	34.9726886994376	32.2093102319674	"b.xlsx"
"Orf21_36500_2"	41.9470872554456	40.8501540534785	41.2693677177752	42.2487662912007	41.0813099989398	41.2788959935569	41.3287227857095	41.8366842017154	41.1461232770542	41.4518350367542	40.965450028221	42.1878639819645	41.1610643129457	42.3200299504133	41.1497032469662	41.7326464858014	"b.xlsx"
"Orf34_55359_2"	48.4080051004336	47.8647026220276	48.3386448551184	49.0569733286621	47.8713076173033	47.5085004104015	33.3544874354071	49.0633026838383	48.6245486746542	48.0317366299165	47.5644498413729	48.4332241690748	47.4671518318692	48.2870487298806	47.6111059119712	48.6685521088154	"b.xlsx"
"Orf37or34_35_36_57765_2"	41.4820838919082	41.9033631201934	27.967661630997	29.5932488844883	28.0659529533011	27.9449790181576	27.4762050194764	27.453522406637	41.2821007097453	28.0130268566758	41.3868648743901	42.3197648387336	41.0565234673223	28.640579145233	42.1072141582744	26.137930861951	"b.xlsx"
"Orf43_63567"	45.1353819044101	45.2480927113716	29.4596814519677	44.0986482576171	43.6817697272722	43.8365403786774	44.7408035404436	44.1260016080609	43.7353309425161	44.9719357361584	44.44124848777	44.1394526300139	29.6536546631741	44.8982431631243	43.7130308077065	27.1724140031593	"b.xlsx"
"Orf43_63853"	47.3356444942138	48.9537814658716	30.6289893816994	48.6867676572983	47.5204390685349	48.119989675079	47.8170223613916	30.5764074256793	47.6612759939093	48.5846814633246	48.9629625517932	48.006947367865	47.5646926547377	48.9133525309199	48.2188015830632	29.2268038878305	"b.xlsx"
"Orf43_64036"	48.878145662768	49.4043871919378	49.7529847203149	49.7720947792981	43.7761916930467	49.1375920407126	49.5208892852256	37.6695135669665	48.5276393974636	48.6705769341488	49.4095552597685	49.5786741492546	49.3095448599862	49.5112002714644	48.7830273502562	32.0994243570644	"b.xlsx"
"Orf44_66282"	49.1870920148177	48.7813821641375	49.9741304618715	32.3404378324928	31.5638388561122	49.2001313810299	49.7470623611249	48.2612383279381	49.6267341763317	49.5670562660511	49.0587489138276	49.6480511087945	31.9566015568105	49.4887727099401	49.0113465267406	49.7559193226539	"b.xlsx"
"Orf44_66755"	48.4702987469008	48.5317364627955	49.8816264786908	48.2365868791841	48.9668868367319	49.9616650452574	49.9146265888994	48.47514775714	48.7752226221056	49.5170645454761	49.2449229407976	48.7663256249957	48.5756050934365	48.9912987694935	49.7563098645159	32.9295818835402	"b.xlsx"
"Orf44_67024"	48.8146244173669	49.0514628625136	49.9412624338309	48.4132751932187	48.3770217780607	48.9684706318563	49.7971108687437	42.5558207595067	41.6611054331387	48.6235444916907	48.4679133763993	48.4910655434458	49.6066344966157	48.3043831552982	49.0193506072767	48.695323854603	"b.xlsx"
"Orf45_46_47_48_68227"	27.3569218911069	24.0072877245464	19.9781344480827	21.6125458068859	22.7380745081864	28.3956718823248	21.5047824205912	20.7743861357048	21.8460331438578	32.8012888767415	27.6737804569905	32.5474101425528	21.7801777411222	21.0258340370591	32.3611596220768	20.2235954946429	"b.xlsx"
"Orf46_47_48_69318"	48.8749090194972	49.8846060668134	49.1838479015584	49.3041867378711	33.483020234524	49.0280316896675	49.4387646685353	33.5633580596669	49.1251153524007	32.1708357571913	49.8138622045216	49.1743286087982	49.6616989384377	34.5898969364918	48.8989648082582	31.0193269301442	"b.xlsx"
"Orf47or48_69635"	49.7708396013223	48.9400635208993	32.0012336818898	49.6371098234155	42.5065350558003	49.9703350475739	49.7778833475045	48.7409437014726	30.6354906544619	49.4850981327156	48.9035349186934	48.2546517000835	49.5173544763056	49.014916063979	48.7870075011838	32.2779528573817	"b.xlsx"
"Orf47or48_69773"	43.7921147197735	44.5539234316645	44.0012697274586	43.7752162704425	44.6798033910142	29.2010505036926	44.6265698808388	28.708035258543	28.7969396470126	28.8939262526158	43.8528519691433	43.9836284002347	44.9426182783365	45.2025236789425	44.5950884001464	28.0210468021871	"b.xlsx"
"Orf48_70402"	48.3444927240429	48.677748400975	48.1785663062571	48.9806239369237	48.461393293183	47.4632968987306	47.8256343229848	31.2336818759304	49.0495465272682	48.5146760025017	48.6117677406237	48.5192801160771	47.6690953004549	47.4848189057699	47.7608496767942	48.9635107721356	"b.xlsx"
"Orf49or50_71851"	43.8621220176113	44.591962340352	27.3663872143656	43.8457456179966	40.1799509803556	28.950501772551	28.9181729040166	26.9380297062849	28.2069377962599	28.7241996928102	43.6617731393618	44.9774272623274	44.8290081845026	29.2495438064941	43.8994983202052	28.1665267105919	"b.xlsx"
"Orf49or50_72352"	49.1294573274465	31.8584108816359	32.1976150322389	49.5636061334902	48.9892603059948	49.2227209483218	49.6526458563502	33.7508129850001	49.2443430196979	32.1976150322389	49.1913859289603	49.3488025132732	49.2195360043055	48.3565244468793	48.4454751346744	32.4386285076674	"b.xlsx"
"Orf50_74850"	32.7242741081752	49.7673435256919	49.7279937364489	48.7167605641827	49.0863537257278	48.4389042602614	49.0812765231527	48.6875758760859	49.6535558993205	50.9757572426654	49.8585334339169	49.9133232843446	49.3507148922927	49.5092718609207	48.93709808132	48.5714098936284	"b.xlsx"
"Orf50orK8_75170"	49.2161239466146	49.0527506260338	48.238966075753	48.7437365506873	49.5241735986708	48.6259386801955	49.0891140484231	49.6403637996703	49.0416094491465	48.9457999625434	48.4084630474211	49.2035283869286	49.8186858710028	49.2207287953441	37.0535902408716	48.6832618028256	"b.xlsx"
"Orf52_77022"	32.4640352040322	32.3795933332342	24.067156272488	32.7917764230652	33.4525844628535	22.6602453958624	32.8345316146786	22.0136650780941	32.7926114402459	23.3307731328073	33.3048666560906	32.6517644643693	22.6123505575092	21.6724143548275	32.4309251146757	20.3792537192908	"b.xlsx"
"Orf52_77128"	48.7263391072415	49.3500218776188	49.6692607815983	49.8800870712022	49.7689787365846	48.3904117033439	48.4899737404516	31.5370595810646	48.5719848204644	31.7066616563661	49.2324854704455	49.7703082274587	30.5730056793508	29.3500854521768	48.6834071377701	29.4750554023989	"b.xlsx"
"Orf54_77844"	44.9588271440092	46.1108034218726	46.0322415225728	45.1982305084583	45.0466624596724	45.3585417190664	45.4085119466291	29.0732557104422	45.1399180113608	44.6442020185319	45.5468547991235	44.7324515993339	45.879992269043	45.409749283355	44.6382582548872	27.5895057734193	"b.xlsx"
"Orf54_78056"	23.7891127251754	23.9205789273524	15.2398443579766	24.3764967221461	24.1347234974168	23.6214831410562	23.7488329952386	24.0593660610658	24.1337808660785	23.8001832534714	24.3367028988404	24.3240226670113	23.8779733240139	15.736653696498	24.0023565239304	15.2006225680933	"b.xlsx"
"Orf55_78956"	33.2959451301956	33.1296626654519	32.5354865202401	32.4210941628615	32.452904231718	32.4634597799671	33.149112660964	32.5628911838597	33.3242548773847	32.4605861305108	33.2308830666921	33.1831720482994	33.0864070581777	33.2385425238781	33.118097221477	24.8933422340808	"b.xlsx"
"Orf55_79193"	48.9911224896504	48.4805865252871	48.3063308973627	49.6149782220004	49.7711101312142	49.9509380788439	49.4259972184715	31.6352502562392	48.619928094417	49.3185320236121	49.0113747257295	48.9888683467014	49.5896543595467	32.4297020826515	48.5657189822944	32.331511407477	"b.xlsx"
"Orf56_80963"	49.797047662107	49.4487975353788	48.7759101146161	49.3133937833614	49.8302867691373	49.4322169074002	49.8486603086918	48.9161780758116	49.0331283754826	48.4550861739087	49.0338341449615	49.4708756455899	49.0666899984711	48.9874403692795	48.5354101646209	49.4163636869689	"b.xlsx"
"Orf56_81267"	44.3350523534102	44.454042929114	44.4773466616368	45.1214732357547	44.1283078944668	44.224068019358	43.6469202118298	44.1841458836618	44.3948093452574	44.9945087245561	45.1247462944153	44.8758788322524	44.4307764898621	45.015402944826	45.1814853088332	44.6066404723772	"b.xlsx"
"Orf56_81650"	47.8874282259421	48.8643600893124	48.1948015974846	48.0033812108248	48.8560372968081	47.4983317637565	49.0327731306094	47.6272673173362	47.6099947580209	48.8659587667933	47.827984471918	48.2370116153978	47.330460519062	48.532712148228	48.2606479041	47.3891127039652	"b.xlsx"
"Orf56or57_83216"	20.3433325905259	32.3697414182082	19.7446471111108	19.002277116636	20.427148557644	19.7566208206991	19.1100405029307	18.3556967988677	33.1548075377686	19.3555015494909	33.0844204616147	33.0197076949277	33.271534001517	19.6728048535809	32.3941565075803	18.3556967988677	"b.xlsx"
"Orf58or59_60_61_62_94692"	22.1753101575362	33.0062885532634	22.0675467712414	22.1513627383596	22.0735336260356	22.0675467712414	21.9537965301526	21.5227429849737	32.5161787400268	20.4930039603797	32.873735964664	32.7002798754488	32.9725673414673	21.1096500041772	32.36795991961	19.7745813850815	"b.xlsx"
"Orf58or59_60_61_62_94950"	28.5649704357682	41.2723683163559	25.9186656045033	28.4666791134641	28.4591182425176	27.7862007282817	25.9186656045033	25.880861249771	41.6883468749886	25.8733003788245	40.9045283661766	40.8326492368201	27.710592018817	24.4064914152091	41.6236154436173	24.550147963192	"b.xlsx"
"Orf58or59_60_61_62_95417"	33.4562409594764	49.004416296868	35.5896565382691	37.1696337660779	33.9471943353492	32.9295818835402	35.0987031623963	34.98265963719	49.7181739344974	31.4924274559853	48.8353988655479	48.6049637490093	48.736141706729	32.26010000735	36.4912254648718	29.6625103277322	"b.xlsx"
"Orf59_60_61_62_95961"	27.7381692025112	44.1315962381371	29.2414615893606	29.4354348005669	28.7969396470126	27.7704980710456	28.4170754417335	28.3604999217983	27.681593682576	27.277482825896	44.4276082132871	44.5360092655303	29.1606394180246	26.9946052262201	44.3684423158329	25.8711770446498	"b.xlsx"
"Orf59_60_61_62_96407"	40.4812837483698	40.845235134717	25.6208234612192	25.5691089963321	26.2709481626573	26.8767461799064	27.9775255039323	26.4704182415076	26.2709481626573	26.2931115047518	40.5375768652486	39.9088500519636	40.4153300392528	28.5242212755961	40.835848415013	24.9780865404793	"b.xlsx"
"Orf60_61_62_97138"	32.9987427005952	33.9552692701719	26.5634782608698	33.4057107145455	33.9152984631291	28.5165035006228	33.9009944828554	32.8731863783756	34.0658307008691	33.9765779718193	33.144522786991	33.542838731376	33.0021443785697	33.5435015568107	33.5331428931705	26.2347826086959	"b.xlsx"
"Orf60_61_62_97630"	49.7282702922952	49.7330622831316	48.3592803360485	49.5757203230531	48.5349403230791	33.0277725587147	48.260017272235	48.3394714043674	49.2798289634622	49.8583509510445	49.9355257540083	49.9791288544248	49.8864387084534	32.1083507820802	49.2104169887923	30.6711963545254	"b.xlsx"
"Orf61or62_98333"	48.9019595994767	49.0094892301062	48.9232663966808	33.8757829352223	33.759739410016	34.8041311368726	49.6610212033427	34.3935155861427	48.2033591049549	31.6531031062709	49.2498611382365	48.3329989699473	49.7576015831271	49.6370821269706	48.2836592624505	48.7252556928645	"b.xlsx"
"Orf61or62_98515"	28.3928287903327	43.9065796160999	45.1713032210382	36.3618948840611	26.9057008377505	28.627213087207	44.4337530310764	44.8407201082103	44.7914212812487	44.7556905938213	44.04366129793	44.7405869030084	43.8735344442499	44.3691353861896	28.1261156249239	28.2635133161951	"b.xlsx"
"Orf62_100787"	40.9337936411765	41.8817607844571	41.0493975764985	41.4328678597667	41.2347761275799	42.2704136523983	41.8606140486205	41.6557247448916	41.534097775672	41.8384187699064	41.097366666294	41.3083085005198	41.9778823138362	41.0975472448564	42.2076213138308	41.4328231557548	"b.xlsx"
"Orf62_100977"	45.6783958436865	36.4178178987052	45.2666654457973	34.8681235200369	44.9127921698349	44.7929626755232	44.8506838790864	29.7821584581308	45.0107615801071	44.8960653104633	45.6069136104557	45.8690196706552	44.984595934183	44.6738454622221	30.6724084203445	44.8225905330991	"b.xlsx"
"Orf62_101132"	44.8185952826356	44.6351064373951	44.7581524890254	44.6404349040152	29.5647502747045	44.6958996500055	44.87399746859	44.160859590043	43.6681817913302	43.8070271961046	43.9047735017451	43.8777323229641	44.9558635456095	44.1736968951263	45.327552828231	28.950501772551	"b.xlsx"
"Orf63_103119"	41.6923346174822	41.0795663854489	41.6345130572462	32.3076015542715	41.1069685867518	41.8010389772067	41.012177172397	40.946542460573	41.3185540279858	42.0928140384268	40.9894066254977	41.3889813661175	40.9034802376979	41.7665589718813	41.3002430716422	30.0771446250625	"b.xlsx"
"Orf63_103639"	48.3329135175341	49.2993052318721	49.7502441231946	48.4493315546411	36.482299039856	48.468433271562	49.0289705455698	48.8379762464722	48.978845330799	48.8774530064008	48.684474697698	48.2806324343709	48.6245409701315	48.8186669265508	48.4732186678088	33.7686658350318	"b.xlsx"
"Orf63orOrf64_111231"	48.0259757950961	47.7197491380313	46.2786191097116	47.416507173454	34.4061265558088	48.6503191553072	48.6734685636282	48.009356334357	47.330269935056	48.3221501845333	47.6564486332372	48.7162051094682	47.9682898759802	47.7889797214177	48.2451041894094	48.1287183801136	"b.xlsx"
"Orf63orOrf64_111599"	49.9627826866558	49.1625887192446	49.1343333499393	48.4858649665538	49.2796968908546	49.352697280373	48.8387524527354	48.4715961472924	48.8601008787799	48.6401966563139	49.6404878145333	48.9000369750462	49.3306852345232	48.6380918852873	48.6658262994739	32.3761435325563	"b.xlsx"
"Orf65or66_67_67A_112376"	33.134196431248	40.4209056654303	32.8756241068124	40.3997153846947	40.1838256557012	40.1453055072015	39.911213968513	30.5336976254957	37.3348387949914	32.4766839491118	40.2099976383187	41.2529858585686	39.9268031297873	30.0091651959263	40.3772107040431	29.6471639417165	"b.xlsx"
"Orf66or67_67A_112774"	44.7495477786306	44.0146029709466	28.9343373382838	39.65858535628	30.2759853824612	30.5992740678052	30.7932472790115	28.6191308700734	43.879192559449	28.0776223221223	44.9603260108416	44.6114283845323	44.9637538792933	27.6573470311752	43.727210523765	26.5743299352729	"b.xlsx"
"Orf66or67_67A_113453"	41.2972655110963	40.9432995489326	25.9186656045033	42.0873561521608	41.848996968369	41.8846654453294	26.4403656998098	41.3730267341538	41.0860810458822	27.4157180519046	42.0784417625126	41.0567833717315	41.3840735873086	28.0130268566758	27.4459615356905	25.1777002517491	"b.xlsx"
"Orf66or67_67A_114218"	31.3213184692972	48.6356020034282	31.3388457879705	48.2898191316158	31.5667009307242	48.8030848075442	47.6850736057706	30.6990986563928	48.4219781293313	50.9789441322764	48.0502429908654	47.685172885014	49.0190334351531	47.6377939329107	47.7692578041172	29.5598229426243	"b.xlsx"
"Orf66or67_67A_114453"	48.1330792310174	47.627699790384	31.8646653481714	48.4521368261583	47.9983041453774	46.1099793864271	47.7484126456579	49.0633356183085	47.7772758507494	32.1188114689351	48.5822974213184	48.7528108300523	47.6657938609936	32.4343032050556	48.1984890098059	29.7789144260414	"b.xlsx"
"Orf67or67A_113980"	26.8259701180799	41.6265925587815	41.8305094640805	40.8870822247881	41.038502470739	41.4896952936297	40.9602413346674	41.5638132176174	42.2228925558033	28.9505748540383	40.9029644028119	41.1589508512231	42.2836357531766	27.0452353755275	41.0185002940022	25.079408929445	"b.xlsx"
"Orf68_115939"	48.4714231753436	48.4952670281699	48.8039784681778	49.3986595192481	33.6347694597938	49.1328471663794	48.2397603548911	48.2933556946574	48.2299597697358	49.5490422465611	48.8877989481112	48.2888002190985	48.2523061768648	49.6072709104656	48.3368513325683	48.7206793199594	"b.xlsx"
"Orf68orOrf69_116922"	44.5556047888836	44.8864941611234	29.6914848508683	31.2823945055651	28.5869154533069	29.6667556852513	45.2956336101924	45.8111450353174	29.9799917830672	30.0953945559468	45.3933537508803	45.9556665498028	45.093840780603	44.984639512736	44.9755238537211	29.9058042862161	"b.xlsx"
"Orf68orOrf69_117120"	44.8365996699575	43.8423736755261	44.5246072685125	45.0792414324562	27.4472093857016	29.6213257946397	44.7951832340297	27.9725534993855	43.6511937895988	44.3632000155243	28.2958421847295	44.455080141203	44.3681862605882	43.7919682651203	44.2121015010493	44.4946151310462	"b.xlsx"
"ORF70_20979"	40.3933369516033	40.8552464622353	40.3880901775718	41.311897928729	39.9215922972816	40.4216667932471	31.3759046250859	26.5664593905837	40.8992897115418	40.2479219621544	40.9696011597645	39.9452425233741	26.6033982940745	40.8826192602588	40.4655541191155	40.1051462421086	"b.xlsx"
"ORF71_vFLIP_122381_2"	29.2793858438506	28.8587301956899	27.097234669017	30.5413527883326	28.5432384595694	28.91131215171	27.8859640093183	27.1673439437105	28.2540377014589	27.9560732840118	28.4117835695192	31.4615370186841	31.0145903925134	28.7535662836497	31.6631011834277	26.9044341636101	"b.xlsx"
"ORF71_vFLIP_122443_2"	27.4148805171672	26.5985765866737	24.8528176858164	29.2091327208262	26.2833701184634	26.1863835128602	25.887341478917	25.1276130683587	25.1114486340916	25.3619973652331	26.0004925187874	43.8578491492763	27.9887179336527	26.5824121524065	27.8109091567136	24.7315844288124	"b.xlsx"
"Orf73_LANA_124002_2"	47.4692558965987	34.1519804350451	32.7322676225028	33.9767072483115	32.4343032050556	28.6922206682929	31.7332104581212	31.8120833921513	32.3817212490356	34.1957987317285	48.0910134160848	48.3228801137472	47.3707464295962	48.9276335850985	47.7870706982578	34.0906348196883	"b.xlsx"
"Orf73_LANAor72_vCyc_123511_2"	27.4957026885032	27.3744694314992	25.7984370904475	31.1731114842907	27.0107696604873	26.0813146901234	27.4633738199688	26.6955631922769	25.3700795823667	26.5015899810705	27.6573470311752	44.2155832511079	28.667624172875	28.2150200133935	28.748446344211	24.8770643372172	"b.xlsx"
"vIRF1_K9_84086"	31.4640713011002	44.6283684718059	44.6694807878647	45.0413147961226	43.769097823275	45.2037764020287	44.9659783809424	45.2372227962572	44.5429804599016	44.5074673876863	44.4668595029172	44.0117792305268	44.231020305149	44.7957170340054	44.2708925730917	29.1283105494902	"b.xlsx"
"vIRF1_K9_84202"	40.9485415327964	40.8351364115817	41.0829896672046	40.7432142261156	40.2804723162836	40.2923990947389	40.6053049263893	40.4564329538778	39.9946229755567	41.9596976187411	40.2641367780969	39.938493511221	40.4972885942456	40.6034787721258	41.2444856359523	40.2498512206921	"b.xlsx"
"vIRF1_K9_84969"	40.2595231236311	39.9319720141721	40.4101424917642	41.2349253947935	40.6345959199442	41.3689346768938	40.6404623816111	41.3540409321098	41.1931194952307	40.5345989460001	40.3011841035908	40.734701299516	40.7418398665493	41.336792023686	40.5800767856113	40.4497695504998	"b.xlsx"
"vIRF2_92617"	48.7302098106147	48.7662445769962	48.4014059910356	47.8789591655234	48.618157188639	48.2059670693052	47.5655395608204	48.4001454615678	43.4653642270904	47.9811346923705	48.426666962326	47.6016409025456	47.8817349173144	48.6224281075937	48.7170813061883	30.1820427555287	"b.xlsx"
"vIRF4_86524"	41.1075252147396	41.2072734294783	40.9818546563712	42.2583407152285	26.5008526673816	27.6576659221917	41.5047085908729	41.9525625323754	26.3647569903451	26.9393831822769	41.5783691246318	41.9355384580364	41.8836256706644	40.9546031022121	41.9820190793263	23.8318652232773	"b.xlsx"
"vIRF4_86975"	41.4453810570412	41.8636991102545	41.8610523141893	41.4908332156603	25.480135089608	40.9480751753859	42.158312376098	42.1353457851487	41.3594670582498	33.5798779801733	41.4086068938358	40.8408023365562	40.9701476174421	41.8582214546689	41.8435666429637	23.7562565138125	"b.xlsx"
"Orf73_LANA_124002_2a"	48.7331128506001	33.2063010590321	31.6084709811916	33.7954451100794	33.5901373347145	29.1804833768753	31.1889290054457	33.6704751598573	32.1172772070961	34.2685456359205	49.7616471873827	49.5822844166567	48.9879284125536	34.2953249109681	48.6858847618619	48.2650103982615	"b.xlsx"
